magic
tech sky130A
timestamp 1697389399
<< nmos >>
rect 0 150 50 750
rect 100 150 150 750
rect 200 150 250 750
rect 300 150 350 750
rect 400 150 450 750
rect 500 150 550 750
rect 600 150 650 750
rect 700 150 750 750
rect 800 150 850 750
rect 900 150 950 750
rect 1000 150 1050 750
rect 1100 150 1150 750
rect 1200 150 1250 750
rect 1300 150 1350 750
rect 1400 150 1450 750
rect 1500 150 1550 750
rect 0 -600 50 0
rect 100 -600 150 0
rect 200 -600 250 0
rect 300 -600 350 0
rect 400 -600 450 0
rect 500 -600 550 0
rect 600 -600 650 0
rect 700 -600 750 0
rect 800 -600 850 0
rect 900 -600 950 0
rect 1000 -600 1050 0
rect 1100 -600 1150 0
rect 1200 -600 1250 0
rect 1300 -600 1350 0
rect 1400 -600 1450 0
rect 1500 -600 1550 0
<< ndiff >>
rect -50 735 0 750
rect -50 165 -35 735
rect -15 165 0 735
rect -50 150 0 165
rect 50 735 100 750
rect 50 165 65 735
rect 85 165 100 735
rect 50 150 100 165
rect 150 735 200 750
rect 150 165 165 735
rect 185 165 200 735
rect 150 150 200 165
rect 250 735 300 750
rect 250 165 265 735
rect 285 165 300 735
rect 250 150 300 165
rect 350 735 400 750
rect 350 165 365 735
rect 385 165 400 735
rect 350 150 400 165
rect 450 735 500 750
rect 450 165 465 735
rect 485 165 500 735
rect 450 150 500 165
rect 550 735 600 750
rect 550 165 565 735
rect 585 165 600 735
rect 550 150 600 165
rect 650 735 700 750
rect 650 165 665 735
rect 685 165 700 735
rect 650 150 700 165
rect 750 735 800 750
rect 750 165 765 735
rect 785 165 800 735
rect 750 150 800 165
rect 850 735 900 750
rect 850 165 865 735
rect 885 165 900 735
rect 850 150 900 165
rect 950 735 1000 750
rect 950 165 965 735
rect 985 165 1000 735
rect 950 150 1000 165
rect 1050 735 1100 750
rect 1050 165 1065 735
rect 1085 165 1100 735
rect 1050 150 1100 165
rect 1150 735 1200 750
rect 1150 165 1165 735
rect 1185 165 1200 735
rect 1150 150 1200 165
rect 1250 735 1300 750
rect 1250 165 1265 735
rect 1285 165 1300 735
rect 1250 150 1300 165
rect 1350 735 1400 750
rect 1350 165 1365 735
rect 1385 165 1400 735
rect 1350 150 1400 165
rect 1450 735 1500 750
rect 1450 165 1465 735
rect 1485 165 1500 735
rect 1450 150 1500 165
rect 1550 735 1600 750
rect 1550 165 1565 735
rect 1585 165 1600 735
rect 1550 150 1600 165
rect -50 -15 0 0
rect -50 -585 -35 -15
rect -15 -585 0 -15
rect -50 -600 0 -585
rect 50 -15 100 0
rect 50 -585 65 -15
rect 85 -585 100 -15
rect 50 -600 100 -585
rect 150 -15 200 0
rect 150 -585 165 -15
rect 185 -585 200 -15
rect 150 -600 200 -585
rect 250 -15 300 0
rect 250 -585 265 -15
rect 285 -585 300 -15
rect 250 -600 300 -585
rect 350 -15 400 0
rect 350 -585 365 -15
rect 385 -585 400 -15
rect 350 -600 400 -585
rect 450 -15 500 0
rect 450 -585 465 -15
rect 485 -585 500 -15
rect 450 -600 500 -585
rect 550 -15 600 0
rect 550 -585 565 -15
rect 585 -585 600 -15
rect 550 -600 600 -585
rect 650 -15 700 0
rect 650 -585 665 -15
rect 685 -585 700 -15
rect 650 -600 700 -585
rect 750 -15 800 0
rect 750 -585 765 -15
rect 785 -585 800 -15
rect 750 -600 800 -585
rect 850 -15 900 0
rect 850 -585 865 -15
rect 885 -585 900 -15
rect 850 -600 900 -585
rect 950 -15 1000 0
rect 950 -585 965 -15
rect 985 -585 1000 -15
rect 950 -600 1000 -585
rect 1050 -15 1100 0
rect 1050 -585 1065 -15
rect 1085 -585 1100 -15
rect 1050 -600 1100 -585
rect 1150 -15 1200 0
rect 1150 -585 1165 -15
rect 1185 -585 1200 -15
rect 1150 -600 1200 -585
rect 1250 -15 1300 0
rect 1250 -585 1265 -15
rect 1285 -585 1300 -15
rect 1250 -600 1300 -585
rect 1350 -15 1400 0
rect 1350 -585 1365 -15
rect 1385 -585 1400 -15
rect 1350 -600 1400 -585
rect 1450 -15 1500 0
rect 1450 -585 1465 -15
rect 1485 -585 1500 -15
rect 1450 -600 1500 -585
rect 1550 -15 1600 0
rect 1550 -585 1565 -15
rect 1585 -585 1600 -15
rect 1550 -600 1600 -585
<< ndiffc >>
rect -35 165 -15 735
rect 65 165 85 735
rect 165 165 185 735
rect 265 165 285 735
rect 365 165 385 735
rect 465 165 485 735
rect 565 165 585 735
rect 665 165 685 735
rect 765 165 785 735
rect 865 165 885 735
rect 965 165 985 735
rect 1065 165 1085 735
rect 1165 165 1185 735
rect 1265 165 1285 735
rect 1365 165 1385 735
rect 1465 165 1485 735
rect 1565 165 1585 735
rect -35 -585 -15 -15
rect 65 -585 85 -15
rect 165 -585 185 -15
rect 265 -585 285 -15
rect 365 -585 385 -15
rect 465 -585 485 -15
rect 565 -585 585 -15
rect 665 -585 685 -15
rect 765 -585 785 -15
rect 865 -585 885 -15
rect 965 -585 985 -15
rect 1065 -585 1085 -15
rect 1165 -585 1185 -15
rect 1265 -585 1285 -15
rect 1365 -585 1385 -15
rect 1465 -585 1485 -15
rect 1565 -585 1585 -15
<< poly >>
rect 170 820 1350 830
rect 170 796 180 820
rect 200 805 1350 820
rect 200 796 240 805
rect 170 787 240 796
rect 210 765 240 787
rect 310 765 340 805
rect 410 765 440 805
rect 510 765 540 805
rect 610 765 640 805
rect 910 765 940 805
rect 1010 765 1040 805
rect 1110 765 1140 805
rect 1210 765 1240 805
rect 1310 765 1340 805
rect 0 750 50 765
rect 100 750 150 765
rect 200 750 250 765
rect 300 750 350 765
rect 400 750 450 765
rect 500 750 550 765
rect 600 750 650 765
rect 700 750 750 765
rect 800 750 850 765
rect 900 750 950 765
rect 1000 750 1050 765
rect 1100 750 1150 765
rect 1200 750 1250 765
rect 1300 750 1350 765
rect 1400 750 1450 765
rect 1500 750 1550 765
rect 0 135 50 150
rect 100 135 150 150
rect 200 135 250 150
rect 300 135 350 150
rect 400 135 450 150
rect 500 135 550 150
rect 600 135 650 150
rect 700 135 750 150
rect 800 135 850 150
rect 900 135 950 150
rect 1000 135 1050 150
rect 1100 135 1150 150
rect 1200 135 1250 150
rect 1300 135 1350 150
rect 1400 135 1450 150
rect 1500 135 1550 150
rect 700 114 851 135
rect 0 0 50 15
rect 100 0 150 15
rect 200 0 250 15
rect 300 0 350 15
rect 400 0 450 15
rect 500 0 550 15
rect 600 0 650 15
rect 700 0 750 114
rect 800 0 850 15
rect 900 0 950 15
rect 1000 0 1050 15
rect 1100 0 1150 15
rect 1200 0 1250 15
rect 1300 0 1350 15
rect 1400 0 1450 15
rect 1500 0 1550 15
rect 0 -615 50 -600
rect 100 -610 150 -600
rect 200 -610 250 -600
rect 100 -615 250 -610
rect 300 -615 350 -600
rect 400 -615 450 -600
rect 500 -615 550 -600
rect 600 -615 650 -600
rect 700 -615 750 -600
rect 800 -615 850 -600
rect 900 -615 950 -600
rect 1000 -615 1050 -600
rect 1100 -615 1150 -600
rect 1200 -615 1250 -600
rect 1300 -615 1350 -600
rect 1400 -615 1450 -600
rect 1500 -615 1550 -600
rect 99 -641 1450 -615
rect 100 -642 250 -641
<< polycont >>
rect 180 796 200 820
<< locali >>
rect 170 820 209 830
rect 170 796 180 820
rect 200 803 209 820
rect 200 796 1295 803
rect 170 787 1295 796
rect 203 785 1295 787
rect 265 745 286 785
rect 465 745 486 785
rect 1065 745 1090 785
rect 1265 745 1290 785
rect -45 735 -5 745
rect -45 165 -35 735
rect -15 165 -5 735
rect -45 155 -5 165
rect 55 735 95 745
rect 55 165 65 735
rect 85 165 95 735
rect 55 155 95 165
rect 155 735 195 745
rect 155 165 165 735
rect 185 165 195 735
rect 155 155 195 165
rect 255 735 295 745
rect 255 165 265 735
rect 285 165 295 735
rect 255 155 295 165
rect 355 735 395 745
rect 355 165 365 735
rect 385 165 395 735
rect 355 155 395 165
rect 455 735 495 745
rect 455 165 465 735
rect 485 165 495 735
rect 455 155 495 165
rect 555 735 595 745
rect 555 165 565 735
rect 585 165 595 735
rect 555 155 595 165
rect 655 735 695 745
rect 655 165 665 735
rect 685 165 695 735
rect 655 155 695 165
rect 755 735 795 745
rect 755 165 765 735
rect 785 165 795 735
rect 755 155 795 165
rect 855 735 895 745
rect 855 165 865 735
rect 885 165 895 735
rect 855 155 895 165
rect 955 735 995 745
rect 955 165 965 735
rect 985 165 995 735
rect 955 155 995 165
rect 1055 735 1095 745
rect 1055 165 1065 735
rect 1085 165 1095 735
rect 1055 155 1095 165
rect 1155 735 1195 745
rect 1155 165 1165 735
rect 1185 165 1195 735
rect 1155 155 1195 165
rect 1255 735 1295 745
rect 1255 165 1265 735
rect 1285 165 1295 735
rect 1255 155 1295 165
rect 1355 735 1395 745
rect 1355 165 1365 735
rect 1385 165 1395 735
rect 1355 155 1395 165
rect 1455 735 1495 745
rect 1455 165 1465 735
rect 1485 165 1495 735
rect 1455 155 1495 165
rect 1555 735 1595 745
rect 1555 165 1565 735
rect 1585 165 1595 735
rect 1555 155 1595 165
rect 165 128 185 155
rect 360 128 391 155
rect 565 128 595 155
rect 165 111 595 128
rect 956 130 981 155
rect 1155 130 1180 155
rect 1360 130 1390 155
rect 956 110 1390 130
rect -45 -15 -5 -5
rect -45 -585 -35 -15
rect -15 -585 -5 -15
rect -45 -595 -5 -585
rect 55 -15 95 -5
rect 55 -585 65 -15
rect 85 -585 95 -15
rect 55 -595 95 -585
rect 155 -15 195 -5
rect 155 -585 165 -15
rect 185 -585 195 -15
rect 155 -595 195 -585
rect 255 -15 295 -5
rect 255 -585 265 -15
rect 285 -585 295 -15
rect 255 -595 295 -585
rect 355 -15 395 -5
rect 355 -585 365 -15
rect 385 -585 395 -15
rect 355 -595 395 -585
rect 455 -15 495 -5
rect 455 -585 465 -15
rect 485 -585 495 -15
rect 455 -595 495 -585
rect 555 -15 595 -5
rect 555 -585 565 -15
rect 585 -585 595 -15
rect 555 -595 595 -585
rect 655 -15 695 -5
rect 655 -585 665 -15
rect 685 -585 695 -15
rect 655 -595 695 -585
rect 755 -15 795 -5
rect 755 -585 765 -15
rect 785 -585 795 -15
rect 755 -595 795 -585
rect 855 -15 895 -5
rect 855 -585 865 -15
rect 885 -585 895 -15
rect 855 -595 895 -585
rect 955 -15 995 -5
rect 955 -585 965 -15
rect 985 -585 995 -15
rect 955 -595 995 -585
rect 1055 -15 1095 -5
rect 1055 -585 1065 -15
rect 1085 -585 1095 -15
rect 1055 -595 1095 -585
rect 1155 -15 1195 -5
rect 1155 -585 1165 -15
rect 1185 -585 1195 -15
rect 1155 -595 1195 -585
rect 1255 -15 1295 -5
rect 1255 -585 1265 -15
rect 1285 -585 1295 -15
rect 1255 -595 1295 -585
rect 1355 -15 1395 -5
rect 1355 -585 1365 -15
rect 1385 -585 1395 -15
rect 1355 -595 1395 -585
rect 1455 -15 1495 -5
rect 1455 -585 1465 -15
rect 1485 -585 1495 -15
rect 1455 -595 1495 -585
rect 1555 -15 1595 -5
rect 1555 -585 1565 -15
rect 1585 -585 1595 -15
rect 1555 -595 1595 -585
<< end >>
