 v-sweep         v(V1)           v(V2)           i(Vdd3)        
 0.00000000e+00  0.00000000e+00  7.00000000e-01 -9.66527459e-07 
 1.00000000e-02  1.00000000e-02  7.00000000e-01 -9.66527452e-07 
 2.00000000e-02  2.00000000e-02  7.00000000e-01 -9.66527374e-07 
 3.00000000e-02  3.00000000e-02  7.00000000e-01 -9.66527310e-07 
 4.00000000e-02  4.00000000e-02  7.00000000e-01 -9.66527217e-07 
 5.00000000e-02  5.00000000e-02  7.00000000e-01 -9.66527068e-07 
 6.00000000e-02  6.00000000e-02  7.00000000e-01 -9.66526905e-07 
 7.00000000e-02  7.00000000e-02  7.00000000e-01 -9.66526670e-07 
 8.00000000e-02  8.00000000e-02  7.00000000e-01 -9.66526372e-07 
 9.00000000e-02  9.00000000e-02  7.00000000e-01 -9.66525974e-07 
 1.00000000e-01  1.00000000e-01  7.00000000e-01 -9.66525469e-07 
 1.10000000e-01  1.10000000e-01  7.00000000e-01 -9.66524780e-07 
 1.20000000e-01  1.20000000e-01  7.00000000e-01 -9.66523906e-07 
 1.30000000e-01  1.30000000e-01  7.00000000e-01 -9.66522762e-07 
 1.40000000e-01  1.40000000e-01  7.00000000e-01 -9.66521277e-07 
 1.50000000e-01  1.50000000e-01  7.00000000e-01 -9.66519274e-07 
 1.60000000e-01  1.60000000e-01  7.00000000e-01 -9.66516652e-07 
 1.70000000e-01  1.70000000e-01  7.00000000e-01 -9.66513234e-07 
 1.80000000e-01  1.80000000e-01  7.00000000e-01 -9.66508772e-07 
 1.90000000e-01  1.90000000e-01  7.00000000e-01 -9.66502895e-07 
 2.00000000e-01  2.00000000e-01  7.00000000e-01 -9.66495200e-07 
 2.10000000e-01  2.10000000e-01  7.00000000e-01 -9.66485068e-07 
 2.20000000e-01  2.20000000e-01  7.00000000e-01 -9.66471838e-07 
 2.30000000e-01  2.30000000e-01  7.00000000e-01 -9.66454444e-07 
 2.40000000e-01  2.40000000e-01  7.00000000e-01 -9.66431664e-07 
 2.50000000e-01  2.50000000e-01  7.00000000e-01 -9.66401792e-07 
 2.60000000e-01  2.60000000e-01  7.00000000e-01 -9.66362705e-07 
 2.70000000e-01  2.70000000e-01  7.00000000e-01 -9.66311468e-07 
 2.80000000e-01  2.80000000e-01  7.00000000e-01 -9.66244365e-07 
 2.90000000e-01  2.90000000e-01  7.00000000e-01 -9.66156549e-07 
 3.00000000e-01  3.00000000e-01  7.00000000e-01 -9.66041675e-07 
 3.10000000e-01  3.10000000e-01  7.00000000e-01 -9.65891502e-07 
 3.20000000e-01  3.20000000e-01  7.00000000e-01 -9.65695300e-07 
 3.30000000e-01  3.30000000e-01  7.00000000e-01 -9.65439312e-07 
 3.40000000e-01  3.40000000e-01  7.00000000e-01 -9.65105734e-07 
 3.50000000e-01  3.50000000e-01  7.00000000e-01 -9.64671770e-07 
 3.60000000e-01  3.60000000e-01  7.00000000e-01 -9.64108388e-07 
 3.70000000e-01  3.70000000e-01  7.00000000e-01 -9.63378959e-07 
 3.80000000e-01  3.80000000e-01  7.00000000e-01 -9.62437667e-07 
 3.90000000e-01  3.90000000e-01  7.00000000e-01 -9.61228096e-07 
 4.00000000e-01  4.00000000e-01  7.00000000e-01 -9.59681913e-07 
 4.10000000e-01  4.10000000e-01  7.00000000e-01 -9.57718584e-07 
 4.20000000e-01  4.20000000e-01  7.00000000e-01 -9.55246030e-07 
 4.30000000e-01  4.30000000e-01  7.00000000e-01 -9.52163539e-07 
 4.40000000e-01  4.40000000e-01  7.00000000e-01 -9.48368367e-07 
 4.50000000e-01  4.50000000e-01  7.00000000e-01 -9.43765450e-07 
 4.60000000e-01  4.60000000e-01  7.00000000e-01 -9.38281964e-07 
 4.70000000e-01  4.70000000e-01  7.00000000e-01 -9.31883676e-07 
 4.80000000e-01  4.80000000e-01  7.00000000e-01 -9.24591468e-07 
 4.90000000e-01  4.90000000e-01  7.00000000e-01 -9.16490379e-07 
 5.00000000e-01  5.00000000e-01  7.00000000e-01 -9.07727440e-07 
 5.10000000e-01  5.10000000e-01  7.00000000e-01 -8.98494676e-07 
 5.20000000e-01  5.20000000e-01  7.00000000e-01 -8.89000397e-07 
 5.30000000e-01  5.30000000e-01  7.00000000e-01 -8.79438481e-07 
 5.40000000e-01  5.40000000e-01  7.00000000e-01 -8.69963493e-07 
 5.50000000e-01  5.50000000e-01  7.00000000e-01 -8.60677922e-07 
 5.60000000e-01  5.60000000e-01  7.00000000e-01 -8.51629196e-07 
 5.70000000e-01  5.70000000e-01  7.00000000e-01 -8.42808618e-07 
 5.80000000e-01  5.80000000e-01  7.00000000e-01 -8.34135356e-07 
 5.90000000e-01  5.90000000e-01  7.00000000e-01 -8.25321770e-07 
 6.00000000e-01  6.00000000e-01  7.00000000e-01 -8.15003858e-07 
 6.10000000e-01  6.10000000e-01  7.00000000e-01 -7.96227006e-07 
 6.20000000e-01  6.20000000e-01  7.00000000e-01 -7.68774974e-07 
 6.30000000e-01  6.30000000e-01  7.00000000e-01 -7.35964896e-07 
 6.40000000e-01  6.40000000e-01  7.00000000e-01 -6.98477393e-07 
 6.50000000e-01  6.50000000e-01  7.00000000e-01 -6.55368524e-07 
 6.60000000e-01  6.60000000e-01  7.00000000e-01 -5.70152125e-07 
 6.70000000e-01  6.70000000e-01  7.00000000e-01 -4.46764517e-07 
 6.80000000e-01  6.80000000e-01  7.00000000e-01 -3.07192401e-07 
 6.90000000e-01  6.90000000e-01  7.00000000e-01 -1.57454480e-07 
 7.00000000e-01  7.00000000e-01  7.00000000e-01 -1.85544025e-09 
 7.10000000e-01  7.10000000e-01  7.00000000e-01  1.54354098e-07 
 7.20000000e-01  7.20000000e-01  7.00000000e-01  3.06302027e-07 
 7.30000000e-01  7.30000000e-01  7.00000000e-01  4.48735349e-07 
 7.40000000e-01  7.40000000e-01  7.00000000e-01  5.73074011e-07 
 7.50000000e-01  7.50000000e-01  7.00000000e-01  6.40800373e-07 
 7.60000000e-01  7.60000000e-01  7.00000000e-01  6.80840529e-07 
 7.70000000e-01  7.70000000e-01  7.00000000e-01  7.15409115e-07 
 7.80000000e-01  7.80000000e-01  7.00000000e-01  7.42384479e-07 
 7.90000000e-01  7.90000000e-01  7.00000000e-01  7.51626423e-07 
 8.00000000e-01  8.00000000e-01  7.00000000e-01  7.53447836e-07 
 8.10000000e-01  8.10000000e-01  7.00000000e-01  7.54292707e-07 
 8.20000000e-01  8.20000000e-01  7.00000000e-01  7.54832094e-07 
 8.30000000e-01  8.30000000e-01  7.00000000e-01  7.55186797e-07 
 8.40000000e-01  8.40000000e-01  7.00000000e-01  7.55446678e-07 
 8.50000000e-01  8.50000000e-01  7.00000000e-01  7.55642944e-07 
 8.60000000e-01  8.60000000e-01  7.00000000e-01  7.55793394e-07 
 8.70000000e-01  8.70000000e-01  7.00000000e-01  7.55910648e-07 
 8.80000000e-01  8.80000000e-01  7.00000000e-01  7.56003224e-07 
 8.90000000e-01  8.90000000e-01  7.00000000e-01  7.56077185e-07 
 9.00000000e-01  9.00000000e-01  7.00000000e-01  7.56136878e-07 
 9.10000000e-01  9.10000000e-01  7.00000000e-01  7.56185401e-07 
 9.20000000e-01  9.20000000e-01  7.00000000e-01  7.56225276e-07 
 9.30000000e-01  9.30000000e-01  7.00000000e-01  7.56258245e-07 
 9.40000000e-01  9.40000000e-01  7.00000000e-01  7.56285765e-07 
 9.50000000e-01  9.50000000e-01  7.00000000e-01  7.56308900e-07 
 9.60000000e-01  9.60000000e-01  7.00000000e-01  7.56328397e-07 
 9.70000000e-01  9.70000000e-01  7.00000000e-01  7.56345074e-07 
 9.80000000e-01  9.80000000e-01  7.00000000e-01  7.56359391e-07 
 9.90000000e-01  9.90000000e-01  7.00000000e-01  7.56371676e-07 
 1.00000000e+00  1.00000000e+00  7.00000000e-01  7.56382384e-07 
 1.01000000e+00  1.01000000e+00  7.00000000e-01  7.56391685e-07 
 1.02000000e+00  1.02000000e+00  7.00000000e-01  7.56399849e-07 
 1.03000000e+00  1.03000000e+00  7.00000000e-01  7.56407111e-07 
 1.04000000e+00  1.04000000e+00  7.00000000e-01  7.56413492e-07 
 1.05000000e+00  1.05000000e+00  7.00000000e-01  7.56419233e-07 
 1.06000000e+00  1.06000000e+00  7.00000000e-01  7.56424328e-07 
 1.07000000e+00  1.07000000e+00  7.00000000e-01  7.56428939e-07 
 1.08000000e+00  1.08000000e+00  7.00000000e-01  7.56433089e-07 
 1.09000000e+00  1.09000000e+00  7.00000000e-01  7.56436854e-07 
 1.10000000e+00  1.10000000e+00  7.00000000e-01  7.56440279e-07 
 1.11000000e+00  1.11000000e+00  7.00000000e-01  7.56443441e-07 
 1.12000000e+00  1.12000000e+00  7.00000000e-01  7.56446319e-07 
 1.13000000e+00  1.13000000e+00  7.00000000e-01  7.56448962e-07 
 1.14000000e+00  1.14000000e+00  7.00000000e-01  7.56451371e-07 
 1.15000000e+00  1.15000000e+00  7.00000000e-01  7.56453666e-07 
 1.16000000e+00  1.16000000e+00  7.00000000e-01  7.56455734e-07 
 1.17000000e+00  1.17000000e+00  7.00000000e-01  7.56457695e-07 
 1.18000000e+00  1.18000000e+00  7.00000000e-01  7.56459521e-07 
 1.19000000e+00  1.19000000e+00  7.00000000e-01  7.56461247e-07 
 1.20000000e+00  1.20000000e+00  7.00000000e-01  7.56462811e-07 
 1.21000000e+00  1.21000000e+00  7.00000000e-01  7.56464281e-07 
 1.22000000e+00  1.22000000e+00  7.00000000e-01  7.56465710e-07 
 1.23000000e+00  1.23000000e+00  7.00000000e-01  7.56467045e-07 
 1.24000000e+00  1.24000000e+00  7.00000000e-01  7.56468253e-07 
 1.25000000e+00  1.25000000e+00  7.00000000e-01  7.56469454e-07 
 1.26000000e+00  1.26000000e+00  7.00000000e-01  7.56470577e-07 
 1.27000000e+00  1.27000000e+00  7.00000000e-01  7.56471643e-07 
 1.28000000e+00  1.28000000e+00  7.00000000e-01  7.56472659e-07 
 1.29000000e+00  1.29000000e+00  7.00000000e-01  7.56473590e-07 
 1.30000000e+00  1.30000000e+00  7.00000000e-01  7.56474478e-07 
 1.31000000e+00  1.31000000e+00  7.00000000e-01  7.56475394e-07 
 1.32000000e+00  1.32000000e+00  7.00000000e-01  7.56476190e-07 
 1.33000000e+00  1.33000000e+00  7.00000000e-01  7.56476993e-07 
 1.34000000e+00  1.34000000e+00  7.00000000e-01  7.56477782e-07 
 1.35000000e+00  1.35000000e+00  7.00000000e-01  7.56478485e-07 
 1.36000000e+00  1.36000000e+00  7.00000000e-01  7.56479153e-07 
 1.37000000e+00  1.37000000e+00  7.00000000e-01  7.56479835e-07 
 1.38000000e+00  1.38000000e+00  7.00000000e-01  7.56480460e-07 
 1.39000000e+00  1.39000000e+00  7.00000000e-01  7.56481050e-07 
 1.40000000e+00  1.40000000e+00  7.00000000e-01  7.56481654e-07 
 1.41000000e+00  1.41000000e+00  7.00000000e-01  7.56482230e-07 
 1.42000000e+00  1.42000000e+00  7.00000000e-01  7.56482784e-07 
 1.43000000e+00  1.43000000e+00  7.00000000e-01  7.56483281e-07 
 1.44000000e+00  1.44000000e+00  7.00000000e-01  7.56483807e-07 
 1.45000000e+00  1.45000000e+00  7.00000000e-01  7.56484262e-07 
 1.46000000e+00  1.46000000e+00  7.00000000e-01  7.56484752e-07 
 1.47000000e+00  1.47000000e+00  7.00000000e-01  7.56485193e-07 
 1.48000000e+00  1.48000000e+00  7.00000000e-01  7.56485640e-07 
 1.49000000e+00  1.49000000e+00  7.00000000e-01  7.56486052e-07 
 1.50000000e+00  1.50000000e+00  7.00000000e-01  7.56486443e-07 
 1.51000000e+00  1.51000000e+00  7.00000000e-01  7.56486855e-07 
 1.52000000e+00  1.52000000e+00  7.00000000e-01  7.56487239e-07 
 1.53000000e+00  1.53000000e+00  7.00000000e-01  7.56487609e-07 
 1.54000000e+00  1.54000000e+00  7.00000000e-01  7.56487985e-07 
 1.55000000e+00  1.55000000e+00  7.00000000e-01  7.56488312e-07 
 1.56000000e+00  1.56000000e+00  7.00000000e-01  7.56488653e-07 
 1.57000000e+00  1.57000000e+00  7.00000000e-01  7.56488973e-07 
 1.58000000e+00  1.58000000e+00  7.00000000e-01  7.56489300e-07 
 1.59000000e+00  1.59000000e+00  7.00000000e-01  7.56489605e-07 
 1.60000000e+00  1.60000000e+00  7.00000000e-01  7.56489875e-07 
 1.61000000e+00  1.61000000e+00  7.00000000e-01  7.56490216e-07 
 1.62000000e+00  1.62000000e+00  7.00000000e-01  7.56490437e-07 
 1.63000000e+00  1.63000000e+00  7.00000000e-01  7.56490735e-07 
 1.64000000e+00  1.64000000e+00  7.00000000e-01  7.56491012e-07 
 1.65000000e+00  1.65000000e+00  7.00000000e-01  7.56491261e-07 
 1.66000000e+00  1.66000000e+00  7.00000000e-01  7.56491488e-07 
 1.67000000e+00  1.67000000e+00  7.00000000e-01  7.56491758e-07 
 1.68000000e+00  1.68000000e+00  7.00000000e-01  7.56491971e-07 
 1.69000000e+00  1.69000000e+00  7.00000000e-01  7.56492192e-07 
 1.70000000e+00  1.70000000e+00  7.00000000e-01  7.56492426e-07 
 1.71000000e+00  1.71000000e+00  7.00000000e-01  7.56492646e-07 
 1.72000000e+00  1.72000000e+00  7.00000000e-01  7.56492881e-07 
 1.73000000e+00  1.73000000e+00  7.00000000e-01  7.56493030e-07 
 1.74000000e+00  1.74000000e+00  7.00000000e-01  7.56493279e-07 
 1.75000000e+00  1.75000000e+00  7.00000000e-01  7.56493471e-07 
 1.76000000e+00  1.76000000e+00  7.00000000e-01  7.56493634e-07 
 1.77000000e+00  1.77000000e+00  7.00000000e-01  7.56493826e-07 
 1.78000000e+00  1.78000000e+00  7.00000000e-01  7.56493996e-07 
 1.79000000e+00  1.79000000e+00  7.00000000e-01  7.56494174e-07 
 1.80000000e+00  1.80000000e+00  7.00000000e-01  7.56494394e-07 
