 v-sweep         v(Vout)         v-sweep         v(V2)           v-sweep         v(V1)          
 0.00000000e+00  2.21403652e-02  0.00000000e+00  5.00000000e-01  0.00000000e+00  0.00000000e+00 
 1.00000000e-02  2.21403923e-02  1.00000000e-02  5.00000000e-01  1.00000000e-02  1.00000000e-02 
 2.00000000e-02  2.21404131e-02  2.00000000e-02  5.00000000e-01  2.00000000e-02  2.00000000e-02 
 3.00000000e-02  2.21404316e-02  3.00000000e-02  5.00000000e-01  3.00000000e-02  3.00000000e-02 
 4.00000000e-02  2.21404603e-02  4.00000000e-02  5.00000000e-01  4.00000000e-02  4.00000000e-02 
 5.00000000e-02  2.21404967e-02  5.00000000e-02  5.00000000e-01  5.00000000e-02  5.00000000e-02 
 6.00000000e-02  2.21405459e-02  6.00000000e-02  5.00000000e-01  6.00000000e-02  6.00000000e-02 
 7.00000000e-02  2.21406069e-02  7.00000000e-02  5.00000000e-01  7.00000000e-02  7.00000000e-02 
 8.00000000e-02  2.21406886e-02  8.00000000e-02  5.00000000e-01  8.00000000e-02  8.00000000e-02 
 9.00000000e-02  2.21407985e-02  9.00000000e-02  5.00000000e-01  9.00000000e-02  9.00000000e-02 
 1.00000000e-01  2.21409374e-02  1.00000000e-01  5.00000000e-01  1.00000000e-01  1.00000000e-01 
 1.10000000e-01  2.21411220e-02  1.10000000e-01  5.00000000e-01  1.10000000e-01  1.10000000e-01 
 1.20000000e-01  2.21413625e-02  1.20000000e-01  5.00000000e-01  1.20000000e-01  1.20000000e-01 
 1.30000000e-01  2.21416792e-02  1.30000000e-01  5.00000000e-01  1.30000000e-01  1.30000000e-01 
 1.40000000e-01  2.21420902e-02  1.40000000e-01  5.00000000e-01  1.40000000e-01  1.40000000e-01 
 1.50000000e-01  2.21426304e-02  1.50000000e-01  5.00000000e-01  1.50000000e-01  1.50000000e-01 
 1.60000000e-01  2.21433356e-02  1.60000000e-01  5.00000000e-01  1.60000000e-01  1.60000000e-01 
 1.70000000e-01  2.21442582e-02  1.70000000e-01  5.00000000e-01  1.70000000e-01  1.70000000e-01 
 1.80000000e-01  2.21454674e-02  1.80000000e-01  5.00000000e-01  1.80000000e-01  1.80000000e-01 
 1.90000000e-01  2.21470481e-02  1.90000000e-01  5.00000000e-01  1.90000000e-01  1.90000000e-01 
 2.00000000e-01  2.21491154e-02  2.00000000e-01  5.00000000e-01  2.00000000e-01  2.00000000e-01 
 2.10000000e-01  2.21518216e-02  2.10000000e-01  5.00000000e-01  2.10000000e-01  2.10000000e-01 
 2.20000000e-01  2.21553572e-02  2.20000000e-01  5.00000000e-01  2.20000000e-01  2.20000000e-01 
 2.30000000e-01  2.21599817e-02  2.30000000e-01  5.00000000e-01  2.30000000e-01  2.30000000e-01 
 2.40000000e-01  2.21660268e-02  2.40000000e-01  5.00000000e-01  2.40000000e-01  2.40000000e-01 
 2.50000000e-01  2.21739313e-02  2.50000000e-01  5.00000000e-01  2.50000000e-01  2.50000000e-01 
 2.60000000e-01  2.21842592e-02  2.60000000e-01  5.00000000e-01  2.60000000e-01  2.60000000e-01 
 2.70000000e-01  2.21977552e-02  2.70000000e-01  5.00000000e-01  2.70000000e-01  2.70000000e-01 
 2.80000000e-01  2.22153926e-02  2.80000000e-01  5.00000000e-01  2.80000000e-01  2.80000000e-01 
 2.90000000e-01  2.22384300e-02  2.90000000e-01  5.00000000e-01  2.90000000e-01  2.90000000e-01 
 3.00000000e-01  2.22685226e-02  3.00000000e-01  5.00000000e-01  3.00000000e-01  3.00000000e-01 
 3.10000000e-01  2.23078239e-02  3.10000000e-01  5.00000000e-01  3.10000000e-01  3.10000000e-01 
 3.20000000e-01  2.23591497e-02  3.20000000e-01  5.00000000e-01  3.20000000e-01  3.20000000e-01 
 3.30000000e-01  2.24261832e-02  3.30000000e-01  5.00000000e-01  3.30000000e-01  3.30000000e-01 
 3.40000000e-01  2.25137422e-02  3.40000000e-01  5.00000000e-01  3.40000000e-01  3.40000000e-01 
 3.50000000e-01  2.26281518e-02  3.50000000e-01  5.00000000e-01  3.50000000e-01  3.50000000e-01 
 3.60000000e-01  2.27777278e-02  3.60000000e-01  5.00000000e-01  3.60000000e-01  3.60000000e-01 
 3.70000000e-01  2.29734646e-02  3.70000000e-01  5.00000000e-01  3.70000000e-01  3.70000000e-01 
 3.80000000e-01  2.32299762e-02  3.80000000e-01  5.00000000e-01  3.80000000e-01  3.80000000e-01 
 3.90000000e-01  2.35668547e-02  3.90000000e-01  5.00000000e-01  3.90000000e-01  3.90000000e-01 
 4.00000000e-01  2.40106731e-02  4.00000000e-01  5.00000000e-01  4.00000000e-01  4.00000000e-01 
 4.10000000e-01  2.45980435e-02  4.10000000e-01  5.00000000e-01  4.10000000e-01  4.10000000e-01 
 4.20000000e-01  2.53805544e-02  4.20000000e-01  5.00000000e-01  4.20000000e-01  4.20000000e-01 
 4.30000000e-01  2.64331031e-02  4.30000000e-01  5.00000000e-01  4.30000000e-01  4.30000000e-01 
 4.40000000e-01  2.78690460e-02  4.40000000e-01  5.00000000e-01  4.40000000e-01  4.40000000e-01 
 4.50000000e-01  2.98702445e-02  4.50000000e-01  5.00000000e-01  4.50000000e-01  4.50000000e-01 
 4.60000000e-01  3.27537676e-02  4.60000000e-01  5.00000000e-01  4.60000000e-01  4.60000000e-01 
 4.70000000e-01  3.72098844e-02  4.70000000e-01  5.00000000e-01  4.70000000e-01  4.70000000e-01 
 4.80000000e-01  4.47939287e-02  4.80000000e-01  5.00000000e-01  4.80000000e-01  4.80000000e-01 
 4.90000000e-01  6.17538603e-02  4.90000000e-01  5.00000000e-01  4.90000000e-01  4.90000000e-01 
 5.00000000e-01  5.11560371e-01  5.00000000e-01  5.00000000e-01  5.00000000e-01  5.00000000e-01 
 5.10000000e-01  1.72249771e+00  5.10000000e-01  5.00000000e-01  5.10000000e-01  5.10000000e-01 
 5.20000000e-01  1.74701364e+00  5.20000000e-01  5.00000000e-01  5.20000000e-01  5.20000000e-01 
 5.30000000e-01  1.76211315e+00  5.30000000e-01  5.00000000e-01  5.30000000e-01  5.30000000e-01 
 5.40000000e-01  1.77089875e+00  5.40000000e-01  5.00000000e-01  5.40000000e-01  5.40000000e-01 
 5.50000000e-01  1.77807688e+00  5.50000000e-01  5.00000000e-01  5.50000000e-01  5.50000000e-01 
 5.60000000e-01  1.78435918e+00  5.60000000e-01  5.00000000e-01  5.60000000e-01  5.60000000e-01 
 5.70000000e-01  1.78946514e+00  5.70000000e-01  5.00000000e-01  5.70000000e-01  5.70000000e-01 
 5.80000000e-01  1.79342737e+00  5.80000000e-01  5.00000000e-01  5.80000000e-01  5.80000000e-01 
 5.90000000e-01  1.79530676e+00  5.90000000e-01  5.00000000e-01  5.90000000e-01  5.90000000e-01 
 6.00000000e-01  1.79598233e+00  6.00000000e-01  5.00000000e-01  6.00000000e-01  6.00000000e-01 
 6.10000000e-01  1.79656924e+00  6.10000000e-01  5.00000000e-01  6.10000000e-01  6.10000000e-01 
 6.20000000e-01  1.79707411e+00  6.20000000e-01  5.00000000e-01  6.20000000e-01  6.20000000e-01 
 6.30000000e-01  1.79747763e+00  6.30000000e-01  5.00000000e-01  6.30000000e-01  6.30000000e-01 
 6.40000000e-01  1.79766551e+00  6.40000000e-01  5.00000000e-01  6.40000000e-01  6.40000000e-01 
 6.50000000e-01  1.79770525e+00  6.50000000e-01  5.00000000e-01  6.50000000e-01  6.50000000e-01 
 6.60000000e-01  1.79772254e+00  6.60000000e-01  5.00000000e-01  6.60000000e-01  6.60000000e-01 
 6.70000000e-01  1.79773280e+00  6.70000000e-01  5.00000000e-01  6.70000000e-01  6.70000000e-01 
 6.80000000e-01  1.79773988e+00  6.80000000e-01  5.00000000e-01  6.80000000e-01  6.80000000e-01 
 6.90000000e-01  1.79774489e+00  6.90000000e-01  5.00000000e-01  6.90000000e-01  6.90000000e-01 
 7.00000000e-01  1.79774865e+00  7.00000000e-01  5.00000000e-01  7.00000000e-01  7.00000000e-01 
 7.10000000e-01  1.79775152e+00  7.10000000e-01  5.00000000e-01  7.10000000e-01  7.10000000e-01 
 7.20000000e-01  1.79775376e+00  7.20000000e-01  5.00000000e-01  7.20000000e-01  7.20000000e-01 
 7.30000000e-01  1.79775553e+00  7.30000000e-01  5.00000000e-01  7.30000000e-01  7.30000000e-01 
 7.40000000e-01  1.79775694e+00  7.40000000e-01  5.00000000e-01  7.40000000e-01  7.40000000e-01 
 7.50000000e-01  1.79775808e+00  7.50000000e-01  5.00000000e-01  7.50000000e-01  7.50000000e-01 
 7.60000000e-01  1.79775900e+00  7.60000000e-01  5.00000000e-01  7.60000000e-01  7.60000000e-01 
 7.70000000e-01  1.79775976e+00  7.70000000e-01  5.00000000e-01  7.70000000e-01  7.70000000e-01 
 7.80000000e-01  1.79776039e+00  7.80000000e-01  5.00000000e-01  7.80000000e-01  7.80000000e-01 
 7.90000000e-01  1.79776091e+00  7.90000000e-01  5.00000000e-01  7.90000000e-01  7.90000000e-01 
 8.00000000e-01  1.79776135e+00  8.00000000e-01  5.00000000e-01  8.00000000e-01  8.00000000e-01 
 8.10000000e-01  1.79776172e+00  8.10000000e-01  5.00000000e-01  8.10000000e-01  8.10000000e-01 
 8.20000000e-01  1.79776204e+00  8.20000000e-01  5.00000000e-01  8.20000000e-01  8.20000000e-01 
 8.30000000e-01  1.79776231e+00  8.30000000e-01  5.00000000e-01  8.30000000e-01  8.30000000e-01 
 8.40000000e-01  1.79776254e+00  8.40000000e-01  5.00000000e-01  8.40000000e-01  8.40000000e-01 
 8.50000000e-01  1.79776274e+00  8.50000000e-01  5.00000000e-01  8.50000000e-01  8.50000000e-01 
 8.60000000e-01  1.79776292e+00  8.60000000e-01  5.00000000e-01  8.60000000e-01  8.60000000e-01 
 8.70000000e-01  1.79776308e+00  8.70000000e-01  5.00000000e-01  8.70000000e-01  8.70000000e-01 
 8.80000000e-01  1.79776321e+00  8.80000000e-01  5.00000000e-01  8.80000000e-01  8.80000000e-01 
 8.90000000e-01  1.79776333e+00  8.90000000e-01  5.00000000e-01  8.90000000e-01  8.90000000e-01 
 9.00000000e-01  1.79776344e+00  9.00000000e-01  5.00000000e-01  9.00000000e-01  9.00000000e-01 
 9.10000000e-01  1.79776353e+00  9.10000000e-01  5.00000000e-01  9.10000000e-01  9.10000000e-01 
 9.20000000e-01  1.79776362e+00  9.20000000e-01  5.00000000e-01  9.20000000e-01  9.20000000e-01 
 9.30000000e-01  1.79776370e+00  9.30000000e-01  5.00000000e-01  9.30000000e-01  9.30000000e-01 
 9.40000000e-01  1.79776377e+00  9.40000000e-01  5.00000000e-01  9.40000000e-01  9.40000000e-01 
 9.50000000e-01  1.79776383e+00  9.50000000e-01  5.00000000e-01  9.50000000e-01  9.50000000e-01 
 9.60000000e-01  1.79776389e+00  9.60000000e-01  5.00000000e-01  9.60000000e-01  9.60000000e-01 
 9.70000000e-01  1.79776394e+00  9.70000000e-01  5.00000000e-01  9.70000000e-01  9.70000000e-01 
 9.80000000e-01  1.79776399e+00  9.80000000e-01  5.00000000e-01  9.80000000e-01  9.80000000e-01 
 9.90000000e-01  1.79776404e+00  9.90000000e-01  5.00000000e-01  9.90000000e-01  9.90000000e-01 
 1.00000000e+00  1.79776408e+00  1.00000000e+00  5.00000000e-01  1.00000000e+00  1.00000000e+00 
 1.01000000e+00  1.79776412e+00  1.01000000e+00  5.00000000e-01  1.01000000e+00  1.01000000e+00 
 1.02000000e+00  1.79776416e+00  1.02000000e+00  5.00000000e-01  1.02000000e+00  1.02000000e+00 
 1.03000000e+00  1.79776419e+00  1.03000000e+00  5.00000000e-01  1.03000000e+00  1.03000000e+00 
 1.04000000e+00  1.79776422e+00  1.04000000e+00  5.00000000e-01  1.04000000e+00  1.04000000e+00 
 1.05000000e+00  1.79776425e+00  1.05000000e+00  5.00000000e-01  1.05000000e+00  1.05000000e+00 
 1.06000000e+00  1.79776428e+00  1.06000000e+00  5.00000000e-01  1.06000000e+00  1.06000000e+00 
 1.07000000e+00  1.79776430e+00  1.07000000e+00  5.00000000e-01  1.07000000e+00  1.07000000e+00 
 1.08000000e+00  1.79776433e+00  1.08000000e+00  5.00000000e-01  1.08000000e+00  1.08000000e+00 
 1.09000000e+00  1.79776435e+00  1.09000000e+00  5.00000000e-01  1.09000000e+00  1.09000000e+00 
 1.10000000e+00  1.79776437e+00  1.10000000e+00  5.00000000e-01  1.10000000e+00  1.10000000e+00 
 1.11000000e+00  1.79776439e+00  1.11000000e+00  5.00000000e-01  1.11000000e+00  1.11000000e+00 
 1.12000000e+00  1.79776441e+00  1.12000000e+00  5.00000000e-01  1.12000000e+00  1.12000000e+00 
 1.13000000e+00  1.79776443e+00  1.13000000e+00  5.00000000e-01  1.13000000e+00  1.13000000e+00 
 1.14000000e+00  1.79776445e+00  1.14000000e+00  5.00000000e-01  1.14000000e+00  1.14000000e+00 
 1.15000000e+00  1.79776446e+00  1.15000000e+00  5.00000000e-01  1.15000000e+00  1.15000000e+00 
 1.16000000e+00  1.79776448e+00  1.16000000e+00  5.00000000e-01  1.16000000e+00  1.16000000e+00 
 1.17000000e+00  1.79776450e+00  1.17000000e+00  5.00000000e-01  1.17000000e+00  1.17000000e+00 
 1.18000000e+00  1.79776451e+00  1.18000000e+00  5.00000000e-01  1.18000000e+00  1.18000000e+00 
 1.19000000e+00  1.79776452e+00  1.19000000e+00  5.00000000e-01  1.19000000e+00  1.19000000e+00 
 1.20000000e+00  1.79776454e+00  1.20000000e+00  5.00000000e-01  1.20000000e+00  1.20000000e+00 
 1.21000000e+00  1.79776455e+00  1.21000000e+00  5.00000000e-01  1.21000000e+00  1.21000000e+00 
 1.22000000e+00  1.79776456e+00  1.22000000e+00  5.00000000e-01  1.22000000e+00  1.22000000e+00 
 1.23000000e+00  1.79776457e+00  1.23000000e+00  5.00000000e-01  1.23000000e+00  1.23000000e+00 
 1.24000000e+00  1.79776459e+00  1.24000000e+00  5.00000000e-01  1.24000000e+00  1.24000000e+00 
 1.25000000e+00  1.79776460e+00  1.25000000e+00  5.00000000e-01  1.25000000e+00  1.25000000e+00 
 1.26000000e+00  1.79776461e+00  1.26000000e+00  5.00000000e-01  1.26000000e+00  1.26000000e+00 
 1.27000000e+00  1.79776462e+00  1.27000000e+00  5.00000000e-01  1.27000000e+00  1.27000000e+00 
 1.28000000e+00  1.79776463e+00  1.28000000e+00  5.00000000e-01  1.28000000e+00  1.28000000e+00 
 1.29000000e+00  1.79776464e+00  1.29000000e+00  5.00000000e-01  1.29000000e+00  1.29000000e+00 
 1.30000000e+00  1.79776464e+00  1.30000000e+00  5.00000000e-01  1.30000000e+00  1.30000000e+00 
 1.31000000e+00  1.79776465e+00  1.31000000e+00  5.00000000e-01  1.31000000e+00  1.31000000e+00 
 1.32000000e+00  1.79776466e+00  1.32000000e+00  5.00000000e-01  1.32000000e+00  1.32000000e+00 
 1.33000000e+00  1.79776467e+00  1.33000000e+00  5.00000000e-01  1.33000000e+00  1.33000000e+00 
 1.34000000e+00  1.79776468e+00  1.34000000e+00  5.00000000e-01  1.34000000e+00  1.34000000e+00 
 1.35000000e+00  1.79776468e+00  1.35000000e+00  5.00000000e-01  1.35000000e+00  1.35000000e+00 
 1.36000000e+00  1.79776469e+00  1.36000000e+00  5.00000000e-01  1.36000000e+00  1.36000000e+00 
 1.37000000e+00  1.79776470e+00  1.37000000e+00  5.00000000e-01  1.37000000e+00  1.37000000e+00 
 1.38000000e+00  1.79776470e+00  1.38000000e+00  5.00000000e-01  1.38000000e+00  1.38000000e+00 
 1.39000000e+00  1.79776471e+00  1.39000000e+00  5.00000000e-01  1.39000000e+00  1.39000000e+00 
 1.40000000e+00  1.79776472e+00  1.40000000e+00  5.00000000e-01  1.40000000e+00  1.40000000e+00 
 1.41000000e+00  1.79776472e+00  1.41000000e+00  5.00000000e-01  1.41000000e+00  1.41000000e+00 
 1.42000000e+00  1.79776473e+00  1.42000000e+00  5.00000000e-01  1.42000000e+00  1.42000000e+00 
 1.43000000e+00  1.79776473e+00  1.43000000e+00  5.00000000e-01  1.43000000e+00  1.43000000e+00 
 1.44000000e+00  1.79776474e+00  1.44000000e+00  5.00000000e-01  1.44000000e+00  1.44000000e+00 
 1.45000000e+00  1.79776475e+00  1.45000000e+00  5.00000000e-01  1.45000000e+00  1.45000000e+00 
 1.46000000e+00  1.79776475e+00  1.46000000e+00  5.00000000e-01  1.46000000e+00  1.46000000e+00 
 1.47000000e+00  1.79776476e+00  1.47000000e+00  5.00000000e-01  1.47000000e+00  1.47000000e+00 
 1.48000000e+00  1.79776476e+00  1.48000000e+00  5.00000000e-01  1.48000000e+00  1.48000000e+00 
 1.49000000e+00  1.79776477e+00  1.49000000e+00  5.00000000e-01  1.49000000e+00  1.49000000e+00 
 1.50000000e+00  1.79776477e+00  1.50000000e+00  5.00000000e-01  1.50000000e+00  1.50000000e+00 
 1.51000000e+00  1.79776477e+00  1.51000000e+00  5.00000000e-01  1.51000000e+00  1.51000000e+00 
 1.52000000e+00  1.79776478e+00  1.52000000e+00  5.00000000e-01  1.52000000e+00  1.52000000e+00 
 1.53000000e+00  1.79776478e+00  1.53000000e+00  5.00000000e-01  1.53000000e+00  1.53000000e+00 
 1.54000000e+00  1.79776479e+00  1.54000000e+00  5.00000000e-01  1.54000000e+00  1.54000000e+00 
 1.55000000e+00  1.79776479e+00  1.55000000e+00  5.00000000e-01  1.55000000e+00  1.55000000e+00 
 1.56000000e+00  1.79776480e+00  1.56000000e+00  5.00000000e-01  1.56000000e+00  1.56000000e+00 
 1.57000000e+00  1.79776480e+00  1.57000000e+00  5.00000000e-01  1.57000000e+00  1.57000000e+00 
 1.58000000e+00  1.79776481e+00  1.58000000e+00  5.00000000e-01  1.58000000e+00  1.58000000e+00 
 1.59000000e+00  1.79776481e+00  1.59000000e+00  5.00000000e-01  1.59000000e+00  1.59000000e+00 
 1.60000000e+00  1.79776481e+00  1.60000000e+00  5.00000000e-01  1.60000000e+00  1.60000000e+00 
 1.61000000e+00  1.79776482e+00  1.61000000e+00  5.00000000e-01  1.61000000e+00  1.61000000e+00 
 1.62000000e+00  1.79776482e+00  1.62000000e+00  5.00000000e-01  1.62000000e+00  1.62000000e+00 
 1.63000000e+00  1.79776482e+00  1.63000000e+00  5.00000000e-01  1.63000000e+00  1.63000000e+00 
 1.64000000e+00  1.79776483e+00  1.64000000e+00  5.00000000e-01  1.64000000e+00  1.64000000e+00 
 1.65000000e+00  1.79776483e+00  1.65000000e+00  5.00000000e-01  1.65000000e+00  1.65000000e+00 
 1.66000000e+00  1.79776483e+00  1.66000000e+00  5.00000000e-01  1.66000000e+00  1.66000000e+00 
 1.67000000e+00  1.79776484e+00  1.67000000e+00  5.00000000e-01  1.67000000e+00  1.67000000e+00 
 1.68000000e+00  1.79776484e+00  1.68000000e+00  5.00000000e-01  1.68000000e+00  1.68000000e+00 
 1.69000000e+00  1.79776484e+00  1.69000000e+00  5.00000000e-01  1.69000000e+00  1.69000000e+00 
 1.70000000e+00  1.79776484e+00  1.70000000e+00  5.00000000e-01  1.70000000e+00  1.70000000e+00 
 1.71000000e+00  1.79776485e+00  1.71000000e+00  5.00000000e-01  1.71000000e+00  1.71000000e+00 
 1.72000000e+00  1.79776485e+00  1.72000000e+00  5.00000000e-01  1.72000000e+00  1.72000000e+00 
 1.73000000e+00  1.79776485e+00  1.73000000e+00  5.00000000e-01  1.73000000e+00  1.73000000e+00 
 1.74000000e+00  1.79776485e+00  1.74000000e+00  5.00000000e-01  1.74000000e+00  1.74000000e+00 
 1.75000000e+00  1.79776486e+00  1.75000000e+00  5.00000000e-01  1.75000000e+00  1.75000000e+00 
 1.76000000e+00  1.79776486e+00  1.76000000e+00  5.00000000e-01  1.76000000e+00  1.76000000e+00 
 1.77000000e+00  1.79776486e+00  1.77000000e+00  5.00000000e-01  1.77000000e+00  1.77000000e+00 
 1.78000000e+00  1.79776486e+00  1.78000000e+00  5.00000000e-01  1.78000000e+00  1.78000000e+00 
 1.79000000e+00  1.79776487e+00  1.79000000e+00  5.00000000e-01  1.79000000e+00  1.79000000e+00 
 1.80000000e+00  1.79776487e+00  1.80000000e+00  5.00000000e-01  1.80000000e+00  1.80000000e+00 
 0.00000000e+00  6.05257109e-08  0.00000000e+00  7.00000000e-01  0.00000000e+00  0.00000000e+00 
 1.00000000e-02  6.05257134e-08  1.00000000e-02  7.00000000e-01  1.00000000e-02  1.00000000e-02 
 2.00000000e-02  6.05257171e-08  2.00000000e-02  7.00000000e-01  2.00000000e-02  2.00000000e-02 
 3.00000000e-02  6.05257214e-08  3.00000000e-02  7.00000000e-01  3.00000000e-02  3.00000000e-02 
 4.00000000e-02  6.05257264e-08  4.00000000e-02  7.00000000e-01  4.00000000e-02  4.00000000e-02 
 5.00000000e-02  6.05257337e-08  5.00000000e-02  7.00000000e-01  5.00000000e-02  5.00000000e-02 
 6.00000000e-02  6.05257427e-08  6.00000000e-02  7.00000000e-01  6.00000000e-02  6.00000000e-02 
 7.00000000e-02  6.05257555e-08  7.00000000e-02  7.00000000e-01  7.00000000e-02  7.00000000e-02 
 8.00000000e-02  6.05257712e-08  8.00000000e-02  7.00000000e-01  8.00000000e-02  8.00000000e-02 
 9.00000000e-02  6.05257933e-08  9.00000000e-02  7.00000000e-01  9.00000000e-02  9.00000000e-02 
 1.00000000e-01  6.05258223e-08  1.00000000e-01  7.00000000e-01  1.00000000e-01  1.00000000e-01 
 1.10000000e-01  6.05258589e-08  1.10000000e-01  7.00000000e-01  1.10000000e-01  1.10000000e-01 
 1.20000000e-01  6.05259074e-08  1.20000000e-01  7.00000000e-01  1.20000000e-01  1.20000000e-01 
 1.30000000e-01  6.05259710e-08  1.30000000e-01  7.00000000e-01  1.30000000e-01  1.30000000e-01 
 1.40000000e-01  6.05260531e-08  1.40000000e-01  7.00000000e-01  1.40000000e-01  1.40000000e-01 
 1.50000000e-01  6.05261624e-08  1.50000000e-01  7.00000000e-01  1.50000000e-01  1.50000000e-01 
 1.60000000e-01  6.05263067e-08  1.60000000e-01  7.00000000e-01  1.60000000e-01  1.60000000e-01 
 1.70000000e-01  6.05264946e-08  1.70000000e-01  7.00000000e-01  1.70000000e-01  1.70000000e-01 
 1.80000000e-01  6.05267403e-08  1.80000000e-01  7.00000000e-01  1.80000000e-01  1.80000000e-01 
 1.90000000e-01  6.05270641e-08  1.90000000e-01  7.00000000e-01  1.90000000e-01  1.90000000e-01 
 2.00000000e-01  6.05274864e-08  2.00000000e-01  7.00000000e-01  2.00000000e-01  2.00000000e-01 
 2.10000000e-01  6.05280429e-08  2.10000000e-01  7.00000000e-01  2.10000000e-01  2.10000000e-01 
 2.20000000e-01  6.05287704e-08  2.20000000e-01  7.00000000e-01  2.20000000e-01  2.20000000e-01 
 2.30000000e-01  6.05297257e-08  2.30000000e-01  7.00000000e-01  2.30000000e-01  2.30000000e-01 
 2.40000000e-01  6.05309792e-08  2.40000000e-01  7.00000000e-01  2.40000000e-01  2.40000000e-01 
 2.50000000e-01  6.05326202e-08  2.50000000e-01  7.00000000e-01  2.50000000e-01  2.50000000e-01 
 2.60000000e-01  6.05347695e-08  2.60000000e-01  7.00000000e-01  2.60000000e-01  2.60000000e-01 
 2.70000000e-01  6.05375874e-08  2.70000000e-01  7.00000000e-01  2.70000000e-01  2.70000000e-01 
 2.80000000e-01  6.05412780e-08  2.80000000e-01  7.00000000e-01  2.80000000e-01  2.80000000e-01 
 2.90000000e-01  6.05461083e-08  2.90000000e-01  7.00000000e-01  2.90000000e-01  2.90000000e-01 
 3.00000000e-01  6.05524285e-08  3.00000000e-01  7.00000000e-01  3.00000000e-01  3.00000000e-01 
 3.10000000e-01  6.05606934e-08  3.10000000e-01  7.00000000e-01  3.10000000e-01  3.10000000e-01 
 3.20000000e-01  6.05714941e-08  3.20000000e-01  7.00000000e-01  3.20000000e-01  3.20000000e-01 
 3.30000000e-01  6.05855942e-08  3.30000000e-01  7.00000000e-01  3.30000000e-01  3.30000000e-01 
 3.40000000e-01  6.06039773e-08  3.40000000e-01  7.00000000e-01  3.40000000e-01  3.40000000e-01 
 3.50000000e-01  6.06279115e-08  3.50000000e-01  7.00000000e-01  3.50000000e-01  3.50000000e-01 
 3.60000000e-01  6.06590185e-08  3.60000000e-01  7.00000000e-01  3.60000000e-01  3.60000000e-01 
 3.70000000e-01  6.06993459e-08  3.70000000e-01  7.00000000e-01  3.70000000e-01  3.70000000e-01 
 3.80000000e-01  6.07514759e-08  3.80000000e-01  7.00000000e-01  3.80000000e-01  3.80000000e-01 
 3.90000000e-01  6.08186139e-08  3.90000000e-01  7.00000000e-01  3.90000000e-01  3.90000000e-01 
 4.00000000e-01  6.09046796e-08  4.00000000e-01  7.00000000e-01  4.00000000e-01  4.00000000e-01 
 4.10000000e-01  6.10143675e-08  4.10000000e-01  7.00000000e-01  4.10000000e-01  4.10000000e-01 
 4.20000000e-01  6.11531446e-08  4.20000000e-01  7.00000000e-01  4.20000000e-01  4.20000000e-01 
 4.30000000e-01  6.13271656e-08  4.30000000e-01  7.00000000e-01  4.30000000e-01  4.30000000e-01 
 4.40000000e-01  6.15429759e-08  4.40000000e-01  7.00000000e-01  4.40000000e-01  4.40000000e-01 
 4.50000000e-01  6.18070455e-08  4.50000000e-01  7.00000000e-01  4.50000000e-01  4.50000000e-01 
 4.60000000e-01  6.21250232e-08  4.60000000e-01  7.00000000e-01  4.60000000e-01  4.60000000e-01 
 4.70000000e-01  6.25007808e-08  4.70000000e-01  7.00000000e-01  4.70000000e-01  4.70000000e-01 
 4.80000000e-01  6.29353921e-08  4.80000000e-01  7.00000000e-01  4.80000000e-01  4.80000000e-01 
 4.90000000e-01  6.34263318e-08  4.90000000e-01  7.00000000e-01  4.90000000e-01  4.90000000e-01 
 5.00000000e-01  6.39672590e-08  5.00000000e-01  7.00000000e-01  5.00000000e-01  5.00000000e-01 
 5.10000000e-01  6.45486157e-08  5.10000000e-01  7.00000000e-01  5.10000000e-01  5.10000000e-01 
 5.20000000e-01  6.51590401e-08  5.20000000e-01  7.00000000e-01  5.20000000e-01  5.20000000e-01 
 5.30000000e-01  6.57871454e-08  5.30000000e-01  7.00000000e-01  5.30000000e-01  5.30000000e-01 
 5.40000000e-01  6.64231749e-08  5.40000000e-01  7.00000000e-01  5.40000000e-01  5.40000000e-01 
 5.50000000e-01  6.70600858e-08  5.50000000e-01  7.00000000e-01  5.50000000e-01  5.50000000e-01 
 5.60000000e-01  6.76941308e-08  5.60000000e-01  7.00000000e-01  5.60000000e-01  5.60000000e-01 
 5.70000000e-01  6.83253194e-08  5.70000000e-01  7.00000000e-01  5.70000000e-01  5.70000000e-01 
 5.80000000e-01  6.89590030e-08  5.80000000e-01  7.00000000e-01  5.80000000e-01  5.80000000e-01 
 5.90000000e-01  6.96166056e-08  5.90000000e-01  7.00000000e-01  5.90000000e-01  5.90000000e-01 
 6.00000000e-01  7.04045597e-08  6.00000000e-01  7.00000000e-01  6.00000000e-01  6.00000000e-01 
 6.10000000e-01  7.18906431e-08  6.10000000e-01  7.00000000e-01  6.10000000e-01  6.10000000e-01 
 6.20000000e-01  7.41856315e-08  6.20000000e-01  7.00000000e-01  6.20000000e-01  6.20000000e-01 
 6.30000000e-01  7.71693102e-08  6.30000000e-01  7.00000000e-01  6.30000000e-01  6.30000000e-01 
 6.40000000e-01  8.11778593e-08  6.40000000e-01  7.00000000e-01  6.40000000e-01  6.40000000e-01 
 6.50000000e-01  1.84775311e-05  6.50000000e-01  7.00000000e-01  6.50000000e-01  6.50000000e-01 
 6.60000000e-01  1.63860983e-03  6.60000000e-01  7.00000000e-01  6.60000000e-01  6.60000000e-01 
 6.70000000e-01  5.43351820e-03  6.70000000e-01  7.00000000e-01  6.70000000e-01  6.70000000e-01 
 6.80000000e-01  1.19177373e-02  6.80000000e-01  7.00000000e-01  6.80000000e-01  6.80000000e-01 
 6.90000000e-01  2.50697340e-02  6.90000000e-01  7.00000000e-01  6.90000000e-01  6.90000000e-01 
 7.00000000e-01  4.81864258e-01  7.00000000e-01  7.00000000e-01  7.00000000e-01  7.00000000e-01 
 7.10000000e-01  1.74009070e+00  7.10000000e-01  7.00000000e-01  7.10000000e-01  7.10000000e-01 
 7.20000000e-01  1.76233817e+00  7.20000000e-01  7.00000000e-01  7.20000000e-01  7.20000000e-01 
 7.30000000e-01  1.77403093e+00  7.30000000e-01  7.00000000e-01  7.30000000e-01  7.30000000e-01 
 7.40000000e-01  1.78204495e+00  7.40000000e-01  7.00000000e-01  7.40000000e-01  7.40000000e-01 
 7.50000000e-01  1.78609975e+00  7.50000000e-01  7.00000000e-01  7.50000000e-01  7.50000000e-01 
 7.60000000e-01  1.78808249e+00  7.60000000e-01  7.00000000e-01  7.60000000e-01  7.60000000e-01 
 7.70000000e-01  1.78972612e+00  7.70000000e-01  7.00000000e-01  7.70000000e-01  7.70000000e-01 
 7.80000000e-01  1.79099873e+00  7.80000000e-01  7.00000000e-01  7.80000000e-01  7.80000000e-01 
 7.90000000e-01  1.79149173e+00  7.90000000e-01  7.00000000e-01  7.90000000e-01  7.90000000e-01 
 8.00000000e-01  1.79158119e+00  8.00000000e-01  7.00000000e-01  8.00000000e-01  8.00000000e-01 
 8.10000000e-01  1.79162123e+00  8.10000000e-01  7.00000000e-01  8.10000000e-01  8.10000000e-01 
 8.20000000e-01  1.79164606e+00  8.20000000e-01  7.00000000e-01  8.20000000e-01  8.20000000e-01 
 8.30000000e-01  1.79166208e+00  8.30000000e-01  7.00000000e-01  8.30000000e-01  8.30000000e-01 
 8.40000000e-01  1.79167383e+00  8.40000000e-01  7.00000000e-01  8.40000000e-01  8.40000000e-01 
 8.50000000e-01  1.79168269e+00  8.50000000e-01  7.00000000e-01  8.50000000e-01  8.50000000e-01 
 8.60000000e-01  1.79168946e+00  8.60000000e-01  7.00000000e-01  8.60000000e-01  8.60000000e-01 
 8.70000000e-01  1.79169474e+00  8.70000000e-01  7.00000000e-01  8.70000000e-01  8.70000000e-01 
 8.80000000e-01  1.79169890e+00  8.80000000e-01  7.00000000e-01  8.80000000e-01  8.80000000e-01 
 8.90000000e-01  1.79170221e+00  8.90000000e-01  7.00000000e-01  8.90000000e-01  8.90000000e-01 
 9.00000000e-01  1.79170488e+00  9.00000000e-01  7.00000000e-01  9.00000000e-01  9.00000000e-01 
 9.10000000e-01  1.79170706e+00  9.10000000e-01  7.00000000e-01  9.10000000e-01  9.10000000e-01 
 9.20000000e-01  1.79170884e+00  9.20000000e-01  7.00000000e-01  9.20000000e-01  9.20000000e-01 
 9.30000000e-01  1.79171031e+00  9.30000000e-01  7.00000000e-01  9.30000000e-01  9.30000000e-01 
 9.40000000e-01  1.79171154e+00  9.40000000e-01  7.00000000e-01  9.40000000e-01  9.40000000e-01 
 9.50000000e-01  1.79171257e+00  9.50000000e-01  7.00000000e-01  9.50000000e-01  9.50000000e-01 
 9.60000000e-01  1.79171344e+00  9.60000000e-01  7.00000000e-01  9.60000000e-01  9.60000000e-01 
 9.70000000e-01  1.79171419e+00  9.70000000e-01  7.00000000e-01  9.70000000e-01  9.70000000e-01 
 9.80000000e-01  1.79171482e+00  9.80000000e-01  7.00000000e-01  9.80000000e-01  9.80000000e-01 
 9.90000000e-01  1.79171537e+00  9.90000000e-01  7.00000000e-01  9.90000000e-01  9.90000000e-01 
 1.00000000e+00  1.79171584e+00  1.00000000e+00  7.00000000e-01  1.00000000e+00  1.00000000e+00 
 1.01000000e+00  1.79171626e+00  1.01000000e+00  7.00000000e-01  1.01000000e+00  1.01000000e+00 
 1.02000000e+00  1.79171662e+00  1.02000000e+00  7.00000000e-01  1.02000000e+00  1.02000000e+00 
 1.03000000e+00  1.79171694e+00  1.03000000e+00  7.00000000e-01  1.03000000e+00  1.03000000e+00 
 1.04000000e+00  1.79171722e+00  1.04000000e+00  7.00000000e-01  1.04000000e+00  1.04000000e+00 
 1.05000000e+00  1.79171748e+00  1.05000000e+00  7.00000000e-01  1.05000000e+00  1.05000000e+00 
 1.06000000e+00  1.79171771e+00  1.06000000e+00  7.00000000e-01  1.06000000e+00  1.06000000e+00 
 1.07000000e+00  1.79171791e+00  1.07000000e+00  7.00000000e-01  1.07000000e+00  1.07000000e+00 
 1.08000000e+00  1.79171809e+00  1.08000000e+00  7.00000000e-01  1.08000000e+00  1.08000000e+00 
 1.09000000e+00  1.79171826e+00  1.09000000e+00  7.00000000e-01  1.09000000e+00  1.09000000e+00 
 1.10000000e+00  1.79171841e+00  1.10000000e+00  7.00000000e-01  1.10000000e+00  1.10000000e+00 
 1.11000000e+00  1.79171855e+00  1.11000000e+00  7.00000000e-01  1.11000000e+00  1.11000000e+00 
 1.12000000e+00  1.79171868e+00  1.12000000e+00  7.00000000e-01  1.12000000e+00  1.12000000e+00 
 1.13000000e+00  1.79171879e+00  1.13000000e+00  7.00000000e-01  1.13000000e+00  1.13000000e+00 
 1.14000000e+00  1.79171890e+00  1.14000000e+00  7.00000000e-01  1.14000000e+00  1.14000000e+00 
 1.15000000e+00  1.79171900e+00  1.15000000e+00  7.00000000e-01  1.15000000e+00  1.15000000e+00 
 1.16000000e+00  1.79171909e+00  1.16000000e+00  7.00000000e-01  1.16000000e+00  1.16000000e+00 
 1.17000000e+00  1.79171918e+00  1.17000000e+00  7.00000000e-01  1.17000000e+00  1.17000000e+00 
 1.18000000e+00  1.79171926e+00  1.18000000e+00  7.00000000e-01  1.18000000e+00  1.18000000e+00 
 1.19000000e+00  1.79171933e+00  1.19000000e+00  7.00000000e-01  1.19000000e+00  1.19000000e+00 
 1.20000000e+00  1.79171940e+00  1.20000000e+00  7.00000000e-01  1.20000000e+00  1.20000000e+00 
 1.21000000e+00  1.79171947e+00  1.21000000e+00  7.00000000e-01  1.21000000e+00  1.21000000e+00 
 1.22000000e+00  1.79171953e+00  1.22000000e+00  7.00000000e-01  1.22000000e+00  1.22000000e+00 
 1.23000000e+00  1.79171959e+00  1.23000000e+00  7.00000000e-01  1.23000000e+00  1.23000000e+00 
 1.24000000e+00  1.79171964e+00  1.24000000e+00  7.00000000e-01  1.24000000e+00  1.24000000e+00 
 1.25000000e+00  1.79171970e+00  1.25000000e+00  7.00000000e-01  1.25000000e+00  1.25000000e+00 
 1.26000000e+00  1.79171975e+00  1.26000000e+00  7.00000000e-01  1.26000000e+00  1.26000000e+00 
 1.27000000e+00  1.79171979e+00  1.27000000e+00  7.00000000e-01  1.27000000e+00  1.27000000e+00 
 1.28000000e+00  1.79171984e+00  1.28000000e+00  7.00000000e-01  1.28000000e+00  1.28000000e+00 
 1.29000000e+00  1.79171988e+00  1.29000000e+00  7.00000000e-01  1.29000000e+00  1.29000000e+00 
 1.30000000e+00  1.79171992e+00  1.30000000e+00  7.00000000e-01  1.30000000e+00  1.30000000e+00 
 1.31000000e+00  1.79171996e+00  1.31000000e+00  7.00000000e-01  1.31000000e+00  1.31000000e+00 
 1.32000000e+00  1.79171999e+00  1.32000000e+00  7.00000000e-01  1.32000000e+00  1.32000000e+00 
 1.33000000e+00  1.79172003e+00  1.33000000e+00  7.00000000e-01  1.33000000e+00  1.33000000e+00 
 1.34000000e+00  1.79172006e+00  1.34000000e+00  7.00000000e-01  1.34000000e+00  1.34000000e+00 
 1.35000000e+00  1.79172009e+00  1.35000000e+00  7.00000000e-01  1.35000000e+00  1.35000000e+00 
 1.36000000e+00  1.79172012e+00  1.36000000e+00  7.00000000e-01  1.36000000e+00  1.36000000e+00 
 1.37000000e+00  1.79172015e+00  1.37000000e+00  7.00000000e-01  1.37000000e+00  1.37000000e+00 
 1.38000000e+00  1.79172018e+00  1.38000000e+00  7.00000000e-01  1.38000000e+00  1.38000000e+00 
 1.39000000e+00  1.79172021e+00  1.39000000e+00  7.00000000e-01  1.39000000e+00  1.39000000e+00 
 1.40000000e+00  1.79172023e+00  1.40000000e+00  7.00000000e-01  1.40000000e+00  1.40000000e+00 
 1.41000000e+00  1.79172026e+00  1.41000000e+00  7.00000000e-01  1.41000000e+00  1.41000000e+00 
 1.42000000e+00  1.79172028e+00  1.42000000e+00  7.00000000e-01  1.42000000e+00  1.42000000e+00 
 1.43000000e+00  1.79172031e+00  1.43000000e+00  7.00000000e-01  1.43000000e+00  1.43000000e+00 
 1.44000000e+00  1.79172033e+00  1.44000000e+00  7.00000000e-01  1.44000000e+00  1.44000000e+00 
 1.45000000e+00  1.79172035e+00  1.45000000e+00  7.00000000e-01  1.45000000e+00  1.45000000e+00 
 1.46000000e+00  1.79172037e+00  1.46000000e+00  7.00000000e-01  1.46000000e+00  1.46000000e+00 
 1.47000000e+00  1.79172039e+00  1.47000000e+00  7.00000000e-01  1.47000000e+00  1.47000000e+00 
 1.48000000e+00  1.79172041e+00  1.48000000e+00  7.00000000e-01  1.48000000e+00  1.48000000e+00 
 1.49000000e+00  1.79172043e+00  1.49000000e+00  7.00000000e-01  1.49000000e+00  1.49000000e+00 
 1.50000000e+00  1.79172044e+00  1.50000000e+00  7.00000000e-01  1.50000000e+00  1.50000000e+00 
 1.51000000e+00  1.79172046e+00  1.51000000e+00  7.00000000e-01  1.51000000e+00  1.51000000e+00 
 1.52000000e+00  1.79172048e+00  1.52000000e+00  7.00000000e-01  1.52000000e+00  1.52000000e+00 
 1.53000000e+00  1.79172050e+00  1.53000000e+00  7.00000000e-01  1.53000000e+00  1.53000000e+00 
 1.54000000e+00  1.79172051e+00  1.54000000e+00  7.00000000e-01  1.54000000e+00  1.54000000e+00 
 1.55000000e+00  1.79172053e+00  1.55000000e+00  7.00000000e-01  1.55000000e+00  1.55000000e+00 
 1.56000000e+00  1.79172054e+00  1.56000000e+00  7.00000000e-01  1.56000000e+00  1.56000000e+00 
 1.57000000e+00  1.79172056e+00  1.57000000e+00  7.00000000e-01  1.57000000e+00  1.57000000e+00 
 1.58000000e+00  1.79172057e+00  1.58000000e+00  7.00000000e-01  1.58000000e+00  1.58000000e+00 
 1.59000000e+00  1.79172058e+00  1.59000000e+00  7.00000000e-01  1.59000000e+00  1.59000000e+00 
 1.60000000e+00  1.79172060e+00  1.60000000e+00  7.00000000e-01  1.60000000e+00  1.60000000e+00 
 1.61000000e+00  1.79172061e+00  1.61000000e+00  7.00000000e-01  1.61000000e+00  1.61000000e+00 
 1.62000000e+00  1.79172062e+00  1.62000000e+00  7.00000000e-01  1.62000000e+00  1.62000000e+00 
 1.63000000e+00  1.79172063e+00  1.63000000e+00  7.00000000e-01  1.63000000e+00  1.63000000e+00 
 1.64000000e+00  1.79172064e+00  1.64000000e+00  7.00000000e-01  1.64000000e+00  1.64000000e+00 
 1.65000000e+00  1.79172065e+00  1.65000000e+00  7.00000000e-01  1.65000000e+00  1.65000000e+00 
 1.66000000e+00  1.79172067e+00  1.66000000e+00  7.00000000e-01  1.66000000e+00  1.66000000e+00 
 1.67000000e+00  1.79172068e+00  1.67000000e+00  7.00000000e-01  1.67000000e+00  1.67000000e+00 
 1.68000000e+00  1.79172069e+00  1.68000000e+00  7.00000000e-01  1.68000000e+00  1.68000000e+00 
 1.69000000e+00  1.79172070e+00  1.69000000e+00  7.00000000e-01  1.69000000e+00  1.69000000e+00 
 1.70000000e+00  1.79172071e+00  1.70000000e+00  7.00000000e-01  1.70000000e+00  1.70000000e+00 
 1.71000000e+00  1.79172072e+00  1.71000000e+00  7.00000000e-01  1.71000000e+00  1.71000000e+00 
 1.72000000e+00  1.79172073e+00  1.72000000e+00  7.00000000e-01  1.72000000e+00  1.72000000e+00 
 1.73000000e+00  1.79172074e+00  1.73000000e+00  7.00000000e-01  1.73000000e+00  1.73000000e+00 
 1.74000000e+00  1.79172074e+00  1.74000000e+00  7.00000000e-01  1.74000000e+00  1.74000000e+00 
 1.75000000e+00  1.79172075e+00  1.75000000e+00  7.00000000e-01  1.75000000e+00  1.75000000e+00 
 1.76000000e+00  1.79172076e+00  1.76000000e+00  7.00000000e-01  1.76000000e+00  1.76000000e+00 
 1.77000000e+00  1.79172077e+00  1.77000000e+00  7.00000000e-01  1.77000000e+00  1.77000000e+00 
 1.78000000e+00  1.79172078e+00  1.78000000e+00  7.00000000e-01  1.78000000e+00  1.78000000e+00 
 1.79000000e+00  1.79172079e+00  1.79000000e+00  7.00000000e-01  1.79000000e+00  1.79000000e+00 
 1.80000000e+00  1.79172079e+00  1.80000000e+00  7.00000000e-01  1.80000000e+00  1.80000000e+00 
 0.00000000e+00  6.05257116e-08  0.00000000e+00  9.00000000e-01  0.00000000e+00  0.00000000e+00 
 1.00000000e-02  6.05257132e-08  1.00000000e-02  9.00000000e-01  1.00000000e-02  1.00000000e-02 
 2.00000000e-02  6.05257167e-08  2.00000000e-02  9.00000000e-01  2.00000000e-02  2.00000000e-02 
 3.00000000e-02  6.05257217e-08  3.00000000e-02  9.00000000e-01  3.00000000e-02  3.00000000e-02 
 4.00000000e-02  6.05257259e-08  4.00000000e-02  9.00000000e-01  4.00000000e-02  4.00000000e-02 
 5.00000000e-02  6.05257334e-08  5.00000000e-02  9.00000000e-01  5.00000000e-02  5.00000000e-02 
 6.00000000e-02  6.05257434e-08  6.00000000e-02  9.00000000e-01  6.00000000e-02  6.00000000e-02 
 7.00000000e-02  6.05257560e-08  7.00000000e-02  9.00000000e-01  7.00000000e-02  7.00000000e-02 
 8.00000000e-02  6.05257715e-08  8.00000000e-02  9.00000000e-01  8.00000000e-02  8.00000000e-02 
 9.00000000e-02  6.05257934e-08  9.00000000e-02  9.00000000e-01  9.00000000e-02  9.00000000e-02 
 1.00000000e-01  6.05258223e-08  1.00000000e-01  9.00000000e-01  1.00000000e-01  1.00000000e-01 
 1.10000000e-01  6.05258591e-08  1.10000000e-01  9.00000000e-01  1.10000000e-01  1.10000000e-01 
 1.20000000e-01  6.05259056e-08  1.20000000e-01  9.00000000e-01  1.20000000e-01  1.20000000e-01 
 1.30000000e-01  6.05259703e-08  1.30000000e-01  9.00000000e-01  1.30000000e-01  1.30000000e-01 
 1.40000000e-01  6.05260518e-08  1.40000000e-01  9.00000000e-01  1.40000000e-01  1.40000000e-01 
 1.50000000e-01  6.05261604e-08  1.50000000e-01  9.00000000e-01  1.50000000e-01  1.50000000e-01 
 1.60000000e-01  6.05263042e-08  1.60000000e-01  9.00000000e-01  1.60000000e-01  1.60000000e-01 
 1.70000000e-01  6.05264916e-08  1.70000000e-01  9.00000000e-01  1.70000000e-01  1.70000000e-01 
 1.80000000e-01  6.05267339e-08  1.80000000e-01  9.00000000e-01  1.80000000e-01  1.80000000e-01 
 1.90000000e-01  6.05270563e-08  1.90000000e-01  9.00000000e-01  1.90000000e-01  1.90000000e-01 
 2.00000000e-01  6.05274774e-08  2.00000000e-01  9.00000000e-01  2.00000000e-01  2.00000000e-01 
 2.10000000e-01  6.05280322e-08  2.10000000e-01  9.00000000e-01  2.10000000e-01  2.10000000e-01 
 2.20000000e-01  6.05287564e-08  2.20000000e-01  9.00000000e-01  2.20000000e-01  2.20000000e-01 
 2.30000000e-01  6.05297075e-08  2.30000000e-01  9.00000000e-01  2.30000000e-01  2.30000000e-01 
 2.40000000e-01  6.05309554e-08  2.40000000e-01  9.00000000e-01  2.40000000e-01  2.40000000e-01 
 2.50000000e-01  6.05325877e-08  2.50000000e-01  9.00000000e-01  2.50000000e-01  2.50000000e-01 
 2.60000000e-01  6.05347281e-08  2.60000000e-01  9.00000000e-01  2.60000000e-01  2.60000000e-01 
 2.70000000e-01  6.05375339e-08  2.70000000e-01  9.00000000e-01  2.70000000e-01  2.70000000e-01 
 2.80000000e-01  6.05412064e-08  2.80000000e-01  9.00000000e-01  2.80000000e-01  2.80000000e-01 
 2.90000000e-01  6.05460164e-08  2.90000000e-01  9.00000000e-01  2.90000000e-01  2.90000000e-01 
 3.00000000e-01  6.05523096e-08  3.00000000e-01  9.00000000e-01  3.00000000e-01  3.00000000e-01 
 3.10000000e-01  6.05605357e-08  3.10000000e-01  9.00000000e-01  3.10000000e-01  3.10000000e-01 
 3.20000000e-01  6.05712885e-08  3.20000000e-01  9.00000000e-01  3.20000000e-01  3.20000000e-01 
 3.30000000e-01  6.05853238e-08  3.30000000e-01  9.00000000e-01  3.30000000e-01  3.30000000e-01 
 3.40000000e-01  6.06036245e-08  3.40000000e-01  9.00000000e-01  3.40000000e-01  3.40000000e-01 
 3.50000000e-01  6.06274514e-08  3.50000000e-01  9.00000000e-01  3.50000000e-01  3.50000000e-01 
 3.60000000e-01  6.06584176e-08  3.60000000e-01  9.00000000e-01  3.60000000e-01  3.60000000e-01 
 3.70000000e-01  6.06985604e-08  3.70000000e-01  9.00000000e-01  3.70000000e-01  3.70000000e-01 
 3.80000000e-01  6.07504515e-08  3.80000000e-01  9.00000000e-01  3.80000000e-01  3.80000000e-01 
 3.90000000e-01  6.08172779e-08  3.90000000e-01  9.00000000e-01  3.90000000e-01  3.90000000e-01 
 4.00000000e-01  6.09029347e-08  4.00000000e-01  9.00000000e-01  4.00000000e-01  4.00000000e-01 
 4.10000000e-01  6.10120934e-08  4.10000000e-01  9.00000000e-01  4.10000000e-01  4.10000000e-01 
 4.20000000e-01  6.11501873e-08  4.20000000e-01  9.00000000e-01  4.20000000e-01  4.20000000e-01 
 4.30000000e-01  6.13233168e-08  4.30000000e-01  9.00000000e-01  4.30000000e-01  4.30000000e-01 
 4.40000000e-01  6.15379670e-08  4.40000000e-01  9.00000000e-01  4.40000000e-01  4.40000000e-01 
 4.50000000e-01  6.18005393e-08  4.50000000e-01  9.00000000e-01  4.50000000e-01  4.50000000e-01 
 4.60000000e-01  6.21165827e-08  4.60000000e-01  9.00000000e-01  4.60000000e-01  4.60000000e-01 
 4.70000000e-01  6.24898515e-08  4.70000000e-01  9.00000000e-01  4.70000000e-01  4.70000000e-01 
 4.80000000e-01  6.29212737e-08  4.80000000e-01  9.00000000e-01  4.80000000e-01  4.80000000e-01 
 4.90000000e-01  6.34081473e-08  4.90000000e-01  9.00000000e-01  4.90000000e-01  4.90000000e-01 
 5.00000000e-01  6.39439180e-08  5.00000000e-01  9.00000000e-01  5.00000000e-01  5.00000000e-01 
 5.10000000e-01  6.45187610e-08  5.10000000e-01  9.00000000e-01  5.10000000e-01  5.10000000e-01 
 5.20000000e-01  6.51209587e-08  5.20000000e-01  9.00000000e-01  5.20000000e-01  5.20000000e-01 
 5.30000000e-01  6.57386404e-08  5.30000000e-01  9.00000000e-01  5.30000000e-01  5.30000000e-01 
 5.40000000e-01  6.63613269e-08  5.40000000e-01  9.00000000e-01  5.40000000e-01  5.40000000e-01 
 5.50000000e-01  6.69808701e-08  5.50000000e-01  9.00000000e-01  5.50000000e-01  5.50000000e-01 
 5.60000000e-01  6.75916990e-08  5.60000000e-01  9.00000000e-01  5.60000000e-01  5.60000000e-01 
 5.70000000e-01  6.81905490e-08  5.70000000e-01  9.00000000e-01  5.70000000e-01  5.70000000e-01 
 5.80000000e-01  6.87759297e-08  5.80000000e-01  9.00000000e-01  5.80000000e-01  5.80000000e-01 
 5.90000000e-01  6.93476283e-08  5.90000000e-01  9.00000000e-01  5.90000000e-01  5.90000000e-01 
 6.00000000e-01  6.99061857e-08  6.00000000e-01  9.00000000e-01  6.00000000e-01  6.00000000e-01 
 6.10000000e-01  7.04525991e-08  6.10000000e-01  9.00000000e-01  6.10000000e-01  6.10000000e-01 
 6.20000000e-01  7.09880744e-08  6.20000000e-01  9.00000000e-01  6.20000000e-01  6.20000000e-01 
 6.30000000e-01  7.15138874e-08  6.30000000e-01  9.00000000e-01  6.30000000e-01  6.30000000e-01 
 6.40000000e-01  7.20312993e-08  6.40000000e-01  9.00000000e-01  6.40000000e-01  6.40000000e-01 
 6.50000000e-01  7.25415043e-08  6.50000000e-01  9.00000000e-01  6.50000000e-01  6.50000000e-01 
 6.60000000e-01  7.30456294e-08  6.60000000e-01  9.00000000e-01  6.60000000e-01  6.60000000e-01 
 6.70000000e-01  7.35447182e-08  6.70000000e-01  9.00000000e-01  6.70000000e-01  6.70000000e-01 
 6.80000000e-01  7.40397335e-08  6.80000000e-01  9.00000000e-01  6.80000000e-01  6.80000000e-01 
 6.90000000e-01  7.45315943e-08  6.90000000e-01  9.00000000e-01  6.90000000e-01  6.90000000e-01 
 7.00000000e-01  7.50211597e-08  7.00000000e-01  9.00000000e-01  7.00000000e-01  7.00000000e-01 
 7.10000000e-01  7.55092699e-08  7.10000000e-01  9.00000000e-01  7.10000000e-01  7.10000000e-01 
 7.20000000e-01  7.59967650e-08  7.20000000e-01  9.00000000e-01  7.20000000e-01  7.20000000e-01 
 7.30000000e-01  7.64845133e-08  7.30000000e-01  9.00000000e-01  7.30000000e-01  7.30000000e-01 
 7.40000000e-01  7.69734603e-08  7.40000000e-01  9.00000000e-01  7.40000000e-01  7.40000000e-01 
 7.50000000e-01  7.74646836e-08  7.50000000e-01  9.00000000e-01  7.50000000e-01  7.50000000e-01 
 7.60000000e-01  7.79595050e-08  7.60000000e-01  9.00000000e-01  7.60000000e-01  7.60000000e-01 
 7.70000000e-01  7.84596341e-08  7.70000000e-01  9.00000000e-01  7.70000000e-01  7.70000000e-01 
 7.80000000e-01  7.89674812e-08  7.80000000e-01  9.00000000e-01  7.80000000e-01  7.80000000e-01 
 7.90000000e-01  7.94868041e-08  7.90000000e-01  9.00000000e-01  7.90000000e-01  7.90000000e-01 
 8.00000000e-01  8.00242507e-08  8.00000000e-01  9.00000000e-01  8.00000000e-01  8.00000000e-01 
 8.10000000e-01  8.05941703e-08  8.10000000e-01  9.00000000e-01  8.10000000e-01  8.10000000e-01 
 8.20000000e-01  8.12499348e-08  8.20000000e-01  9.00000000e-01  8.20000000e-01  8.20000000e-01 
 8.30000000e-01  8.24215427e-08  8.30000000e-01  9.00000000e-01  8.30000000e-01  8.30000000e-01 
 8.40000000e-01  8.58664032e-08  8.40000000e-01  9.00000000e-01  8.40000000e-01  8.40000000e-01 
 8.50000000e-01  9.10650652e-08  8.50000000e-01  9.00000000e-01  8.50000000e-01  8.50000000e-01 
 8.60000000e-01  2.59770029e-06  8.60000000e-01  9.00000000e-01  8.60000000e-01  8.60000000e-01 
 8.70000000e-01  1.91442646e-03  8.70000000e-01  9.00000000e-01  8.70000000e-01  8.70000000e-01 
 8.80000000e-01  7.73836627e-03  8.80000000e-01  9.00000000e-01  8.80000000e-01  8.80000000e-01 
 8.90000000e-01  2.01745767e-02  8.90000000e-01  9.00000000e-01  8.90000000e-01  8.90000000e-01 
 9.00000000e-01  4.75186121e-01  9.00000000e-01  9.00000000e-01  9.00000000e-01  9.00000000e-01 
 9.10000000e-01  1.74216380e+00  9.10000000e-01  9.00000000e-01  9.10000000e-01  9.10000000e-01 
 9.20000000e-01  1.76442622e+00  9.20000000e-01  9.00000000e-01  9.20000000e-01  9.20000000e-01 
 9.30000000e-01  1.77585933e+00  9.30000000e-01  9.00000000e-01  9.30000000e-01  9.30000000e-01 
 9.40000000e-01  1.78161904e+00  9.40000000e-01  9.00000000e-01  9.40000000e-01  9.40000000e-01 
 9.50000000e-01  1.78410340e+00  9.50000000e-01  9.00000000e-01  9.50000000e-01  9.50000000e-01 
 9.60000000e-01  1.78605032e+00  9.60000000e-01  9.00000000e-01  9.60000000e-01  9.60000000e-01 
 9.70000000e-01  1.78702243e+00  9.70000000e-01  9.00000000e-01  9.70000000e-01  9.70000000e-01 
 9.80000000e-01  1.78717212e+00  9.80000000e-01  9.00000000e-01  9.80000000e-01  9.80000000e-01 
 9.90000000e-01  1.78722810e+00  9.90000000e-01  9.00000000e-01  9.90000000e-01  9.90000000e-01 
 1.00000000e+00  1.78726049e+00  1.00000000e+00  9.00000000e-01  1.00000000e+00  1.00000000e+00 
 1.01000000e+00  1.78728056e+00  1.01000000e+00  9.00000000e-01  1.01000000e+00  1.01000000e+00 
 1.02000000e+00  1.78729535e+00  1.02000000e+00  9.00000000e-01  1.02000000e+00  1.02000000e+00 
 1.03000000e+00  1.78730646e+00  1.03000000e+00  9.00000000e-01  1.03000000e+00  1.03000000e+00 
 1.04000000e+00  1.78731490e+00  1.04000000e+00  9.00000000e-01  1.04000000e+00  1.04000000e+00 
 1.05000000e+00  1.78732142e+00  1.05000000e+00  9.00000000e-01  1.05000000e+00  1.05000000e+00 
 1.06000000e+00  1.78732654e+00  1.06000000e+00  9.00000000e-01  1.06000000e+00  1.06000000e+00 
 1.07000000e+00  1.78733060e+00  1.07000000e+00  9.00000000e-01  1.07000000e+00  1.07000000e+00 
 1.08000000e+00  1.78733386e+00  1.08000000e+00  9.00000000e-01  1.08000000e+00  1.08000000e+00 
 1.09000000e+00  1.78733651e+00  1.09000000e+00  9.00000000e-01  1.09000000e+00  1.09000000e+00 
 1.10000000e+00  1.78733867e+00  1.10000000e+00  9.00000000e-01  1.10000000e+00  1.10000000e+00 
 1.11000000e+00  1.78734045e+00  1.11000000e+00  9.00000000e-01  1.11000000e+00  1.11000000e+00 
 1.12000000e+00  1.78734192e+00  1.12000000e+00  9.00000000e-01  1.12000000e+00  1.12000000e+00 
 1.13000000e+00  1.78734316e+00  1.13000000e+00  9.00000000e-01  1.13000000e+00  1.13000000e+00 
 1.14000000e+00  1.78734421e+00  1.14000000e+00  9.00000000e-01  1.14000000e+00  1.14000000e+00 
 1.15000000e+00  1.78734509e+00  1.15000000e+00  9.00000000e-01  1.15000000e+00  1.15000000e+00 
 1.16000000e+00  1.78734585e+00  1.16000000e+00  9.00000000e-01  1.16000000e+00  1.16000000e+00 
 1.17000000e+00  1.78734650e+00  1.17000000e+00  9.00000000e-01  1.17000000e+00  1.17000000e+00 
 1.18000000e+00  1.78734707e+00  1.18000000e+00  9.00000000e-01  1.18000000e+00  1.18000000e+00 
 1.19000000e+00  1.78734756e+00  1.19000000e+00  9.00000000e-01  1.19000000e+00  1.19000000e+00 
 1.20000000e+00  1.78734799e+00  1.20000000e+00  9.00000000e-01  1.20000000e+00  1.20000000e+00 
 1.21000000e+00  1.78734837e+00  1.21000000e+00  9.00000000e-01  1.21000000e+00  1.21000000e+00 
 1.22000000e+00  1.78734871e+00  1.22000000e+00  9.00000000e-01  1.22000000e+00  1.22000000e+00 
 1.23000000e+00  1.78734901e+00  1.23000000e+00  9.00000000e-01  1.23000000e+00  1.23000000e+00 
 1.24000000e+00  1.78734927e+00  1.24000000e+00  9.00000000e-01  1.24000000e+00  1.24000000e+00 
 1.25000000e+00  1.78734952e+00  1.25000000e+00  9.00000000e-01  1.25000000e+00  1.25000000e+00 
 1.26000000e+00  1.78734973e+00  1.26000000e+00  9.00000000e-01  1.26000000e+00  1.26000000e+00 
 1.27000000e+00  1.78734993e+00  1.27000000e+00  9.00000000e-01  1.27000000e+00  1.27000000e+00 
 1.28000000e+00  1.78735011e+00  1.28000000e+00  9.00000000e-01  1.28000000e+00  1.28000000e+00 
 1.29000000e+00  1.78735027e+00  1.29000000e+00  9.00000000e-01  1.29000000e+00  1.29000000e+00 
 1.30000000e+00  1.78735042e+00  1.30000000e+00  9.00000000e-01  1.30000000e+00  1.30000000e+00 
 1.31000000e+00  1.78735056e+00  1.31000000e+00  9.00000000e-01  1.31000000e+00  1.31000000e+00 
 1.32000000e+00  1.78735069e+00  1.32000000e+00  9.00000000e-01  1.32000000e+00  1.32000000e+00 
 1.33000000e+00  1.78735080e+00  1.33000000e+00  9.00000000e-01  1.33000000e+00  1.33000000e+00 
 1.34000000e+00  1.78735091e+00  1.34000000e+00  9.00000000e-01  1.34000000e+00  1.34000000e+00 
 1.35000000e+00  1.78735101e+00  1.35000000e+00  9.00000000e-01  1.35000000e+00  1.35000000e+00 
 1.36000000e+00  1.78735111e+00  1.36000000e+00  9.00000000e-01  1.36000000e+00  1.36000000e+00 
 1.37000000e+00  1.78735119e+00  1.37000000e+00  9.00000000e-01  1.37000000e+00  1.37000000e+00 
 1.38000000e+00  1.78735128e+00  1.38000000e+00  9.00000000e-01  1.38000000e+00  1.38000000e+00 
 1.39000000e+00  1.78735135e+00  1.39000000e+00  9.00000000e-01  1.39000000e+00  1.39000000e+00 
 1.40000000e+00  1.78735143e+00  1.40000000e+00  9.00000000e-01  1.40000000e+00  1.40000000e+00 
 1.41000000e+00  1.78735149e+00  1.41000000e+00  9.00000000e-01  1.41000000e+00  1.41000000e+00 
 1.42000000e+00  1.78735156e+00  1.42000000e+00  9.00000000e-01  1.42000000e+00  1.42000000e+00 
 1.43000000e+00  1.78735162e+00  1.43000000e+00  9.00000000e-01  1.43000000e+00  1.43000000e+00 
 1.44000000e+00  1.78735168e+00  1.44000000e+00  9.00000000e-01  1.44000000e+00  1.44000000e+00 
 1.45000000e+00  1.78735173e+00  1.45000000e+00  9.00000000e-01  1.45000000e+00  1.45000000e+00 
 1.46000000e+00  1.78735178e+00  1.46000000e+00  9.00000000e-01  1.46000000e+00  1.46000000e+00 
 1.47000000e+00  1.78735183e+00  1.47000000e+00  9.00000000e-01  1.47000000e+00  1.47000000e+00 
 1.48000000e+00  1.78735188e+00  1.48000000e+00  9.00000000e-01  1.48000000e+00  1.48000000e+00 
 1.49000000e+00  1.78735192e+00  1.49000000e+00  9.00000000e-01  1.49000000e+00  1.49000000e+00 
 1.50000000e+00  1.78735197e+00  1.50000000e+00  9.00000000e-01  1.50000000e+00  1.50000000e+00 
 1.51000000e+00  1.78735201e+00  1.51000000e+00  9.00000000e-01  1.51000000e+00  1.51000000e+00 
 1.52000000e+00  1.78735205e+00  1.52000000e+00  9.00000000e-01  1.52000000e+00  1.52000000e+00 
 1.53000000e+00  1.78735208e+00  1.53000000e+00  9.00000000e-01  1.53000000e+00  1.53000000e+00 
 1.54000000e+00  1.78735212e+00  1.54000000e+00  9.00000000e-01  1.54000000e+00  1.54000000e+00 
 1.55000000e+00  1.78735215e+00  1.55000000e+00  9.00000000e-01  1.55000000e+00  1.55000000e+00 
 1.56000000e+00  1.78735219e+00  1.56000000e+00  9.00000000e-01  1.56000000e+00  1.56000000e+00 
 1.57000000e+00  1.78735222e+00  1.57000000e+00  9.00000000e-01  1.57000000e+00  1.57000000e+00 
 1.58000000e+00  1.78735225e+00  1.58000000e+00  9.00000000e-01  1.58000000e+00  1.58000000e+00 
 1.59000000e+00  1.78735228e+00  1.59000000e+00  9.00000000e-01  1.59000000e+00  1.59000000e+00 
 1.60000000e+00  1.78735230e+00  1.60000000e+00  9.00000000e-01  1.60000000e+00  1.60000000e+00 
 1.61000000e+00  1.78735233e+00  1.61000000e+00  9.00000000e-01  1.61000000e+00  1.61000000e+00 
 1.62000000e+00  1.78735236e+00  1.62000000e+00  9.00000000e-01  1.62000000e+00  1.62000000e+00 
 1.63000000e+00  1.78735238e+00  1.63000000e+00  9.00000000e-01  1.63000000e+00  1.63000000e+00 
 1.64000000e+00  1.78735241e+00  1.64000000e+00  9.00000000e-01  1.64000000e+00  1.64000000e+00 
 1.65000000e+00  1.78735243e+00  1.65000000e+00  9.00000000e-01  1.65000000e+00  1.65000000e+00 
 1.66000000e+00  1.78735245e+00  1.66000000e+00  9.00000000e-01  1.66000000e+00  1.66000000e+00 
 1.67000000e+00  1.78735247e+00  1.67000000e+00  9.00000000e-01  1.67000000e+00  1.67000000e+00 
 1.68000000e+00  1.78735249e+00  1.68000000e+00  9.00000000e-01  1.68000000e+00  1.68000000e+00 
 1.69000000e+00  1.78735251e+00  1.69000000e+00  9.00000000e-01  1.69000000e+00  1.69000000e+00 
 1.70000000e+00  1.78735253e+00  1.70000000e+00  9.00000000e-01  1.70000000e+00  1.70000000e+00 
 1.71000000e+00  1.78735255e+00  1.71000000e+00  9.00000000e-01  1.71000000e+00  1.71000000e+00 
 1.72000000e+00  1.78735257e+00  1.72000000e+00  9.00000000e-01  1.72000000e+00  1.72000000e+00 
 1.73000000e+00  1.78735259e+00  1.73000000e+00  9.00000000e-01  1.73000000e+00  1.73000000e+00 
 1.74000000e+00  1.78735260e+00  1.74000000e+00  9.00000000e-01  1.74000000e+00  1.74000000e+00 
 1.75000000e+00  1.78735262e+00  1.75000000e+00  9.00000000e-01  1.75000000e+00  1.75000000e+00 
 1.76000000e+00  1.78735264e+00  1.76000000e+00  9.00000000e-01  1.76000000e+00  1.76000000e+00 
 1.77000000e+00  1.78735265e+00  1.77000000e+00  9.00000000e-01  1.77000000e+00  1.77000000e+00 
 1.78000000e+00  1.78735267e+00  1.78000000e+00  9.00000000e-01  1.78000000e+00  1.78000000e+00 
 1.79000000e+00  1.78735268e+00  1.79000000e+00  9.00000000e-01  1.79000000e+00  1.79000000e+00 
 1.80000000e+00  1.78735270e+00  1.80000000e+00  9.00000000e-01  1.80000000e+00  1.80000000e+00 
 0.00000000e+00  6.05257112e-08  0.00000000e+00  1.10000000e+00  0.00000000e+00  0.00000000e+00 
 1.00000000e-02  6.05257138e-08  1.00000000e-02  1.10000000e+00  1.00000000e-02  1.00000000e-02 
 2.00000000e-02  6.05257171e-08  2.00000000e-02  1.10000000e+00  2.00000000e-02  2.00000000e-02 
 3.00000000e-02  6.05257218e-08  3.00000000e-02  1.10000000e+00  3.00000000e-02  3.00000000e-02 
 4.00000000e-02  6.05257262e-08  4.00000000e-02  1.10000000e+00  4.00000000e-02  4.00000000e-02 
 5.00000000e-02  6.05257341e-08  5.00000000e-02  1.10000000e+00  5.00000000e-02  5.00000000e-02 
 6.00000000e-02  6.05257434e-08  6.00000000e-02  1.10000000e+00  6.00000000e-02  6.00000000e-02 
 7.00000000e-02  6.05257549e-08  7.00000000e-02  1.10000000e+00  7.00000000e-02  7.00000000e-02 
 8.00000000e-02  6.05257711e-08  8.00000000e-02  1.10000000e+00  8.00000000e-02  8.00000000e-02 
 9.00000000e-02  6.05257935e-08  9.00000000e-02  1.10000000e+00  9.00000000e-02  9.00000000e-02 
 1.00000000e-01  6.05258215e-08  1.00000000e-01  1.10000000e+00  1.00000000e-01  1.00000000e-01 
 1.10000000e-01  6.05258587e-08  1.10000000e-01  1.10000000e+00  1.10000000e-01  1.10000000e-01 
 1.20000000e-01  6.05259054e-08  1.20000000e-01  1.10000000e+00  1.20000000e-01  1.20000000e-01 
 1.30000000e-01  6.05259702e-08  1.30000000e-01  1.10000000e+00  1.30000000e-01  1.30000000e-01 
 1.40000000e-01  6.05260517e-08  1.40000000e-01  1.10000000e+00  1.40000000e-01  1.40000000e-01 
 1.50000000e-01  6.05261601e-08  1.50000000e-01  1.10000000e+00  1.50000000e-01  1.50000000e-01 
 1.60000000e-01  6.05263038e-08  1.60000000e-01  1.10000000e+00  1.60000000e-01  1.60000000e-01 
 1.70000000e-01  6.05264910e-08  1.70000000e-01  1.10000000e+00  1.70000000e-01  1.70000000e-01 
 1.80000000e-01  6.05267350e-08  1.80000000e-01  1.10000000e+00  1.80000000e-01  1.80000000e-01 
 1.90000000e-01  6.05270569e-08  1.90000000e-01  1.10000000e+00  1.90000000e-01  1.90000000e-01 
 2.00000000e-01  6.05274766e-08  2.00000000e-01  1.10000000e+00  2.00000000e-01  2.00000000e-01 
 2.10000000e-01  6.05280308e-08  2.10000000e-01  1.10000000e+00  2.10000000e-01  2.10000000e-01 
 2.20000000e-01  6.05287563e-08  2.20000000e-01  1.10000000e+00  2.20000000e-01  2.20000000e-01 
 2.30000000e-01  6.05297070e-08  2.30000000e-01  1.10000000e+00  2.30000000e-01  2.30000000e-01 
 2.40000000e-01  6.05309532e-08  2.40000000e-01  1.10000000e+00  2.40000000e-01  2.40000000e-01 
 2.50000000e-01  6.05325857e-08  2.50000000e-01  1.10000000e+00  2.50000000e-01  2.50000000e-01 
 2.60000000e-01  6.05347271e-08  2.60000000e-01  1.10000000e+00  2.60000000e-01  2.60000000e-01 
 2.70000000e-01  6.05375301e-08  2.70000000e-01  1.10000000e+00  2.70000000e-01  2.70000000e-01 
 2.80000000e-01  6.05412019e-08  2.80000000e-01  1.10000000e+00  2.80000000e-01  2.80000000e-01 
 2.90000000e-01  6.05460086e-08  2.90000000e-01  1.10000000e+00  2.90000000e-01  2.90000000e-01 
 3.00000000e-01  6.05522993e-08  3.00000000e-01  1.10000000e+00  3.00000000e-01  3.00000000e-01 
 3.10000000e-01  6.05605242e-08  3.10000000e-01  1.10000000e+00  3.10000000e-01  3.10000000e-01 
 3.20000000e-01  6.05712720e-08  3.20000000e-01  1.10000000e+00  3.20000000e-01  3.20000000e-01 
 3.30000000e-01  6.05853024e-08  3.30000000e-01  1.10000000e+00  3.30000000e-01  3.30000000e-01 
 3.40000000e-01  6.06035955e-08  3.40000000e-01  1.10000000e+00  3.40000000e-01  3.40000000e-01 
 3.50000000e-01  6.06274169e-08  3.50000000e-01  1.10000000e+00  3.50000000e-01  3.50000000e-01 
 3.60000000e-01  6.06583681e-08  3.60000000e-01  1.10000000e+00  3.60000000e-01  3.60000000e-01 
 3.70000000e-01  6.06984984e-08  3.70000000e-01  1.10000000e+00  3.70000000e-01  3.70000000e-01 
 3.80000000e-01  6.07503683e-08  3.80000000e-01  1.10000000e+00  3.80000000e-01  3.80000000e-01 
 3.90000000e-01  6.08171715e-08  3.90000000e-01  1.10000000e+00  3.90000000e-01  3.90000000e-01 
 4.00000000e-01  6.09027972e-08  4.00000000e-01  1.10000000e+00  4.00000000e-01  4.00000000e-01 
 4.10000000e-01  6.10119152e-08  4.10000000e-01  1.10000000e+00  4.10000000e-01  4.10000000e-01 
 4.20000000e-01  6.11499545e-08  4.20000000e-01  1.10000000e+00  4.20000000e-01  4.20000000e-01 
 4.30000000e-01  6.13230166e-08  4.30000000e-01  1.10000000e+00  4.30000000e-01  4.30000000e-01 
 4.40000000e-01  6.15375861e-08  4.40000000e-01  1.10000000e+00  4.40000000e-01  4.40000000e-01 
 4.50000000e-01  6.18000500e-08  4.50000000e-01  1.10000000e+00  4.50000000e-01  4.50000000e-01 
 4.60000000e-01  6.21159620e-08  4.60000000e-01  1.10000000e+00  4.60000000e-01  4.60000000e-01 
 4.70000000e-01  6.24890684e-08  4.70000000e-01  1.10000000e+00  4.70000000e-01  4.70000000e-01 
 4.80000000e-01  6.29202929e-08  4.80000000e-01  1.10000000e+00  4.80000000e-01  4.80000000e-01 
 4.90000000e-01  6.34069351e-08  4.90000000e-01  1.10000000e+00  4.90000000e-01  4.90000000e-01 
 5.00000000e-01  6.39424341e-08  5.00000000e-01  1.10000000e+00  5.00000000e-01  5.00000000e-01 
 5.10000000e-01  6.45169677e-08  5.10000000e-01  1.10000000e+00  5.10000000e-01  5.10000000e-01 
 5.20000000e-01  6.51188195e-08  5.20000000e-01  1.10000000e+00  5.20000000e-01  5.20000000e-01 
 5.30000000e-01  6.57361170e-08  5.30000000e-01  1.10000000e+00  5.30000000e-01  5.30000000e-01 
 5.40000000e-01  6.63583846e-08  5.40000000e-01  1.10000000e+00  5.40000000e-01  5.40000000e-01 
 5.50000000e-01  6.69774669e-08  5.50000000e-01  1.10000000e+00  5.50000000e-01  5.50000000e-01 
 5.60000000e-01  6.75877916e-08  5.60000000e-01  1.10000000e+00  5.60000000e-01  5.60000000e-01 
 5.70000000e-01  6.81860817e-08  5.70000000e-01  1.10000000e+00  5.70000000e-01  5.70000000e-01 
 5.80000000e-01  6.87708497e-08  5.80000000e-01  1.10000000e+00  5.80000000e-01  5.80000000e-01 
 5.90000000e-01  6.93418528e-08  5.90000000e-01  1.10000000e+00  5.90000000e-01  5.90000000e-01 
 6.00000000e-01  6.98996272e-08  6.00000000e-01  1.10000000e+00  6.00000000e-01  6.00000000e-01 
 6.10000000e-01  7.04451473e-08  6.10000000e-01  1.10000000e+00  6.10000000e-01  6.10000000e-01 
 6.20000000e-01  7.09795978e-08  6.20000000e-01  1.10000000e+00  6.20000000e-01  6.20000000e-01 
 6.30000000e-01  7.15042178e-08  6.30000000e-01  1.10000000e+00  6.30000000e-01  6.30000000e-01 
 6.40000000e-01  7.20202334e-08  6.40000000e-01  1.10000000e+00  6.40000000e-01  6.40000000e-01 
 6.50000000e-01  7.25288027e-08  6.50000000e-01  1.10000000e+00  6.50000000e-01  6.50000000e-01 
 6.60000000e-01  7.30309896e-08  6.60000000e-01  1.10000000e+00  6.60000000e-01  6.60000000e-01 
 6.70000000e-01  7.35277691e-08  6.70000000e-01  1.10000000e+00  6.70000000e-01  6.70000000e-01 
 6.80000000e-01  7.40200168e-08  6.80000000e-01  1.10000000e+00  6.80000000e-01  6.80000000e-01 
 6.90000000e-01  7.45085291e-08  6.90000000e-01  1.10000000e+00  6.90000000e-01  6.90000000e-01 
 7.00000000e-01  7.49940216e-08  7.00000000e-01  1.10000000e+00  7.00000000e-01  7.00000000e-01 
 7.10000000e-01  7.54771411e-08  7.10000000e-01  1.10000000e+00  7.10000000e-01  7.10000000e-01 
 7.20000000e-01  7.59584682e-08  7.20000000e-01  1.10000000e+00  7.20000000e-01  7.20000000e-01 
 7.30000000e-01  7.64385353e-08  7.30000000e-01  1.10000000e+00  7.30000000e-01  7.30000000e-01 
 7.40000000e-01  7.69178316e-08  7.40000000e-01  1.10000000e+00  7.40000000e-01  7.40000000e-01 
 7.50000000e-01  7.73967830e-08  7.50000000e-01  1.10000000e+00  7.50000000e-01  7.50000000e-01 
 7.60000000e-01  7.78758154e-08  7.60000000e-01  1.10000000e+00  7.60000000e-01  7.60000000e-01 
 7.70000000e-01  7.83552985e-08  7.70000000e-01  1.10000000e+00  7.70000000e-01  7.70000000e-01 
 7.80000000e-01  7.88355814e-08  7.80000000e-01  1.10000000e+00  7.80000000e-01  7.80000000e-01 
 7.90000000e-01  7.93169989e-08  7.90000000e-01  1.10000000e+00  7.90000000e-01  7.90000000e-01 
 8.00000000e-01  7.97998547e-08  8.00000000e-01  1.10000000e+00  8.00000000e-01  8.00000000e-01 
 8.10000000e-01  8.02844560e-08  8.10000000e-01  1.10000000e+00  8.10000000e-01  8.10000000e-01 
 8.20000000e-01  8.07710824e-08  8.20000000e-01  1.10000000e+00  8.20000000e-01  8.20000000e-01 
 8.30000000e-01  8.12600060e-08  8.30000000e-01  1.10000000e+00  8.30000000e-01  8.30000000e-01 
 8.40000000e-01  8.17515037e-08  8.40000000e-01  1.10000000e+00  8.40000000e-01  8.40000000e-01 
 8.50000000e-01  8.22458441e-08  8.50000000e-01  1.10000000e+00  8.50000000e-01  8.50000000e-01 
 8.60000000e-01  8.27432964e-08  8.60000000e-01  1.10000000e+00  8.60000000e-01  8.60000000e-01 
 8.70000000e-01  8.32441354e-08  8.70000000e-01  1.10000000e+00  8.70000000e-01  8.70000000e-01 
 8.80000000e-01  8.37486510e-08  8.80000000e-01  1.10000000e+00  8.80000000e-01  8.80000000e-01 
 8.90000000e-01  8.42571472e-08  8.90000000e-01  1.10000000e+00  8.90000000e-01  8.90000000e-01 
 9.00000000e-01  8.47699516e-08  9.00000000e-01  1.10000000e+00  9.00000000e-01  9.00000000e-01 
 9.10000000e-01  8.52874414e-08  9.10000000e-01  1.10000000e+00  9.10000000e-01  9.10000000e-01 
 9.20000000e-01  8.58100218e-08  9.20000000e-01  1.10000000e+00  9.20000000e-01  9.20000000e-01 
 9.30000000e-01  8.63382054e-08  9.30000000e-01  1.10000000e+00  9.30000000e-01  9.30000000e-01 
 9.40000000e-01  8.68725723e-08  9.40000000e-01  1.10000000e+00  9.40000000e-01  9.40000000e-01 
 9.50000000e-01  8.74138580e-08  9.50000000e-01  1.10000000e+00  9.50000000e-01  9.50000000e-01 
 9.60000000e-01  8.79630162e-08  9.60000000e-01  1.10000000e+00  9.60000000e-01  9.60000000e-01 
 9.70000000e-01  8.85213080e-08  9.70000000e-01  1.10000000e+00  9.70000000e-01  9.70000000e-01 
 9.80000000e-01  8.90904871e-08  9.80000000e-01  1.10000000e+00  9.80000000e-01  9.80000000e-01 
 9.90000000e-01  8.96731065e-08  9.90000000e-01  1.10000000e+00  9.90000000e-01  9.90000000e-01 
 1.00000000e+00  9.02731801e-08  1.00000000e+00  1.10000000e+00  1.00000000e+00  1.00000000e+00 
 1.01000000e+00  9.08975963e-08  1.01000000e+00  1.10000000e+00  1.01000000e+00  1.01000000e+00 
 1.02000000e+00  9.15601103e-08  1.02000000e+00  1.10000000e+00  1.02000000e+00  1.02000000e+00 
 1.03000000e+00  9.22961168e-08  1.03000000e+00  1.10000000e+00  1.03000000e+00  1.03000000e+00 
 1.04000000e+00  9.33242686e-08  1.04000000e+00  1.10000000e+00  1.04000000e+00  1.04000000e+00 
 1.05000000e+00  9.69038817e-08  1.05000000e+00  1.10000000e+00  1.05000000e+00  1.05000000e+00 
 1.06000000e+00  1.04462374e-07  1.06000000e+00  1.10000000e+00  1.06000000e+00  1.06000000e+00 
 1.07000000e+00  1.25793527e-04  1.07000000e+00  1.10000000e+00  1.07000000e+00  1.07000000e+00 
 1.08000000e+00  4.66253067e-03  1.08000000e+00  1.10000000e+00  1.08000000e+00  1.08000000e+00 
 1.09000000e+00  1.63710338e-02  1.09000000e+00  1.10000000e+00  1.09000000e+00  1.09000000e+00 
 1.10000000e+00  4.69311779e-01  1.10000000e+00  1.10000000e+00  1.10000000e+00  1.10000000e+00 
 1.11000000e+00  1.74353422e+00  1.11000000e+00  1.10000000e+00  1.11000000e+00  1.11000000e+00 
 1.12000000e+00  1.76578302e+00  1.12000000e+00  1.10000000e+00  1.12000000e+00  1.12000000e+00 
 1.13000000e+00  1.77613264e+00  1.13000000e+00  1.10000000e+00  1.13000000e+00  1.13000000e+00 
 1.14000000e+00  1.77957163e+00  1.14000000e+00  1.10000000e+00  1.14000000e+00  1.14000000e+00 
 1.15000000e+00  1.78191427e+00  1.15000000e+00  1.10000000e+00  1.15000000e+00  1.15000000e+00 
 1.16000000e+00  1.78279438e+00  1.16000000e+00  1.10000000e+00  1.16000000e+00  1.16000000e+00 
 1.17000000e+00  1.78292446e+00  1.17000000e+00  1.10000000e+00  1.17000000e+00  1.17000000e+00 
 1.18000000e+00  1.78297912e+00  1.18000000e+00  1.10000000e+00  1.18000000e+00  1.18000000e+00 
 1.19000000e+00  1.78301323e+00  1.19000000e+00  1.10000000e+00  1.19000000e+00  1.19000000e+00 
 1.20000000e+00  1.78303516e+00  1.20000000e+00  1.10000000e+00  1.20000000e+00  1.20000000e+00 
 1.21000000e+00  1.78305112e+00  1.21000000e+00  1.10000000e+00  1.21000000e+00  1.21000000e+00 
 1.22000000e+00  1.78306309e+00  1.22000000e+00  1.10000000e+00  1.22000000e+00  1.22000000e+00 
 1.23000000e+00  1.78307220e+00  1.23000000e+00  1.10000000e+00  1.23000000e+00  1.23000000e+00 
 1.24000000e+00  1.78307925e+00  1.24000000e+00  1.10000000e+00  1.24000000e+00  1.24000000e+00 
 1.25000000e+00  1.78308479e+00  1.25000000e+00  1.10000000e+00  1.25000000e+00  1.25000000e+00 
 1.26000000e+00  1.78308919e+00  1.26000000e+00  1.10000000e+00  1.26000000e+00  1.26000000e+00 
 1.27000000e+00  1.78309272e+00  1.27000000e+00  1.10000000e+00  1.27000000e+00  1.27000000e+00 
 1.28000000e+00  1.78309559e+00  1.28000000e+00  1.10000000e+00  1.28000000e+00  1.28000000e+00 
 1.29000000e+00  1.78309793e+00  1.29000000e+00  1.10000000e+00  1.29000000e+00  1.29000000e+00 
 1.30000000e+00  1.78309986e+00  1.30000000e+00  1.10000000e+00  1.30000000e+00  1.30000000e+00 
 1.31000000e+00  1.78310147e+00  1.31000000e+00  1.10000000e+00  1.31000000e+00  1.31000000e+00 
 1.32000000e+00  1.78310281e+00  1.32000000e+00  1.10000000e+00  1.32000000e+00  1.32000000e+00 
 1.33000000e+00  1.78310395e+00  1.33000000e+00  1.10000000e+00  1.33000000e+00  1.33000000e+00 
 1.34000000e+00  1.78310492e+00  1.34000000e+00  1.10000000e+00  1.34000000e+00  1.34000000e+00 
 1.35000000e+00  1.78310574e+00  1.35000000e+00  1.10000000e+00  1.35000000e+00  1.35000000e+00 
 1.36000000e+00  1.78310646e+00  1.36000000e+00  1.10000000e+00  1.36000000e+00  1.36000000e+00 
 1.37000000e+00  1.78310707e+00  1.37000000e+00  1.10000000e+00  1.37000000e+00  1.37000000e+00 
 1.38000000e+00  1.78310761e+00  1.38000000e+00  1.10000000e+00  1.38000000e+00  1.38000000e+00 
 1.39000000e+00  1.78310808e+00  1.39000000e+00  1.10000000e+00  1.39000000e+00  1.39000000e+00 
 1.40000000e+00  1.78310850e+00  1.40000000e+00  1.10000000e+00  1.40000000e+00  1.40000000e+00 
 1.41000000e+00  1.78310887e+00  1.41000000e+00  1.10000000e+00  1.41000000e+00  1.41000000e+00 
 1.42000000e+00  1.78310920e+00  1.42000000e+00  1.10000000e+00  1.42000000e+00  1.42000000e+00 
 1.43000000e+00  1.78310949e+00  1.43000000e+00  1.10000000e+00  1.43000000e+00  1.43000000e+00 
 1.44000000e+00  1.78310976e+00  1.44000000e+00  1.10000000e+00  1.44000000e+00  1.44000000e+00 
 1.45000000e+00  1.78310999e+00  1.45000000e+00  1.10000000e+00  1.45000000e+00  1.45000000e+00 
 1.46000000e+00  1.78311021e+00  1.46000000e+00  1.10000000e+00  1.46000000e+00  1.46000000e+00 
 1.47000000e+00  1.78311041e+00  1.47000000e+00  1.10000000e+00  1.47000000e+00  1.47000000e+00 
 1.48000000e+00  1.78311059e+00  1.48000000e+00  1.10000000e+00  1.48000000e+00  1.48000000e+00 
 1.49000000e+00  1.78311075e+00  1.49000000e+00  1.10000000e+00  1.49000000e+00  1.49000000e+00 
 1.50000000e+00  1.78311091e+00  1.50000000e+00  1.10000000e+00  1.50000000e+00  1.50000000e+00 
 1.51000000e+00  1.78311105e+00  1.51000000e+00  1.10000000e+00  1.51000000e+00  1.51000000e+00 
 1.52000000e+00  1.78311118e+00  1.52000000e+00  1.10000000e+00  1.52000000e+00  1.52000000e+00 
 1.53000000e+00  1.78311130e+00  1.53000000e+00  1.10000000e+00  1.53000000e+00  1.53000000e+00 
 1.54000000e+00  1.78311141e+00  1.54000000e+00  1.10000000e+00  1.54000000e+00  1.54000000e+00 
 1.55000000e+00  1.78311152e+00  1.55000000e+00  1.10000000e+00  1.55000000e+00  1.55000000e+00 
 1.56000000e+00  1.78311161e+00  1.56000000e+00  1.10000000e+00  1.56000000e+00  1.56000000e+00 
 1.57000000e+00  1.78311170e+00  1.57000000e+00  1.10000000e+00  1.57000000e+00  1.57000000e+00 
 1.58000000e+00  1.78311179e+00  1.58000000e+00  1.10000000e+00  1.58000000e+00  1.58000000e+00 
 1.59000000e+00  1.78311187e+00  1.59000000e+00  1.10000000e+00  1.59000000e+00  1.59000000e+00 
 1.60000000e+00  1.78311195e+00  1.60000000e+00  1.10000000e+00  1.60000000e+00  1.60000000e+00 
 1.61000000e+00  1.78311202e+00  1.61000000e+00  1.10000000e+00  1.61000000e+00  1.61000000e+00 
 1.62000000e+00  1.78311209e+00  1.62000000e+00  1.10000000e+00  1.62000000e+00  1.62000000e+00 
 1.63000000e+00  1.78311215e+00  1.63000000e+00  1.10000000e+00  1.63000000e+00  1.63000000e+00 
 1.64000000e+00  1.78311221e+00  1.64000000e+00  1.10000000e+00  1.64000000e+00  1.64000000e+00 
 1.65000000e+00  1.78311227e+00  1.65000000e+00  1.10000000e+00  1.65000000e+00  1.65000000e+00 
 1.66000000e+00  1.78311232e+00  1.66000000e+00  1.10000000e+00  1.66000000e+00  1.66000000e+00 
 1.67000000e+00  1.78311238e+00  1.67000000e+00  1.10000000e+00  1.67000000e+00  1.67000000e+00 
 1.68000000e+00  1.78311243e+00  1.68000000e+00  1.10000000e+00  1.68000000e+00  1.68000000e+00 
 1.69000000e+00  1.78311247e+00  1.69000000e+00  1.10000000e+00  1.69000000e+00  1.69000000e+00 
 1.70000000e+00  1.78311252e+00  1.70000000e+00  1.10000000e+00  1.70000000e+00  1.70000000e+00 
 1.71000000e+00  1.78311256e+00  1.71000000e+00  1.10000000e+00  1.71000000e+00  1.71000000e+00 
 1.72000000e+00  1.78311260e+00  1.72000000e+00  1.10000000e+00  1.72000000e+00  1.72000000e+00 
 1.73000000e+00  1.78311264e+00  1.73000000e+00  1.10000000e+00  1.73000000e+00  1.73000000e+00 
 1.74000000e+00  1.78311268e+00  1.74000000e+00  1.10000000e+00  1.74000000e+00  1.74000000e+00 
 1.75000000e+00  1.78311272e+00  1.75000000e+00  1.10000000e+00  1.75000000e+00  1.75000000e+00 
 1.76000000e+00  1.78311275e+00  1.76000000e+00  1.10000000e+00  1.76000000e+00  1.76000000e+00 
 1.77000000e+00  1.78311279e+00  1.77000000e+00  1.10000000e+00  1.77000000e+00  1.77000000e+00 
 1.78000000e+00  1.78311282e+00  1.78000000e+00  1.10000000e+00  1.78000000e+00  1.78000000e+00 
 1.79000000e+00  1.78311285e+00  1.79000000e+00  1.10000000e+00  1.79000000e+00  1.79000000e+00 
 1.80000000e+00  1.78311288e+00  1.80000000e+00  1.10000000e+00  1.80000000e+00  1.80000000e+00 
 0.00000000e+00  6.05257113e-08  0.00000000e+00  1.30000000e+00  0.00000000e+00  0.00000000e+00 
 1.00000000e-02  6.05257131e-08  1.00000000e-02  1.30000000e+00  1.00000000e-02  1.00000000e-02 
 2.00000000e-02  6.05257171e-08  2.00000000e-02  1.30000000e+00  2.00000000e-02  2.00000000e-02 
 3.00000000e-02  6.05257224e-08  3.00000000e-02  1.30000000e+00  3.00000000e-02  3.00000000e-02 
 4.00000000e-02  6.05257262e-08  4.00000000e-02  1.30000000e+00  4.00000000e-02  4.00000000e-02 
 5.00000000e-02  6.05257330e-08  5.00000000e-02  1.30000000e+00  5.00000000e-02  5.00000000e-02 
 6.00000000e-02  6.05257432e-08  6.00000000e-02  1.30000000e+00  6.00000000e-02  6.00000000e-02 
 7.00000000e-02  6.05257560e-08  7.00000000e-02  1.30000000e+00  7.00000000e-02  7.00000000e-02 
 8.00000000e-02  6.05257717e-08  8.00000000e-02  1.30000000e+00  8.00000000e-02  8.00000000e-02 
 9.00000000e-02  6.05257938e-08  9.00000000e-02  1.30000000e+00  9.00000000e-02  9.00000000e-02 
 1.00000000e-01  6.05258220e-08  1.00000000e-01  1.30000000e+00  1.00000000e-01  1.00000000e-01 
 1.10000000e-01  6.05258583e-08  1.10000000e-01  1.30000000e+00  1.10000000e-01  1.10000000e-01 
 1.20000000e-01  6.05259053e-08  1.20000000e-01  1.30000000e+00  1.20000000e-01  1.20000000e-01 
 1.30000000e-01  6.05259696e-08  1.30000000e-01  1.30000000e+00  1.30000000e-01  1.30000000e-01 
 1.40000000e-01  6.05260532e-08  1.40000000e-01  1.30000000e+00  1.40000000e-01  1.40000000e-01 
 1.50000000e-01  6.05261603e-08  1.50000000e-01  1.30000000e+00  1.50000000e-01  1.50000000e-01 
 1.60000000e-01  6.05263037e-08  1.60000000e-01  1.30000000e+00  1.60000000e-01  1.60000000e-01 
 1.70000000e-01  6.05264908e-08  1.70000000e-01  1.30000000e+00  1.70000000e-01  1.70000000e-01 
 1.80000000e-01  6.05267349e-08  1.80000000e-01  1.30000000e+00  1.80000000e-01  1.80000000e-01 
 1.90000000e-01  6.05270558e-08  1.90000000e-01  1.30000000e+00  1.90000000e-01  1.90000000e-01 
 2.00000000e-01  6.05274770e-08  2.00000000e-01  1.30000000e+00  2.00000000e-01  2.00000000e-01 
 2.10000000e-01  6.05280297e-08  2.10000000e-01  1.30000000e+00  2.10000000e-01  2.10000000e-01 
 2.20000000e-01  6.05287554e-08  2.20000000e-01  1.30000000e+00  2.20000000e-01  2.20000000e-01 
 2.30000000e-01  6.05297057e-08  2.30000000e-01  1.30000000e+00  2.30000000e-01  2.30000000e-01 
 2.40000000e-01  6.05309512e-08  2.40000000e-01  1.30000000e+00  2.40000000e-01  2.40000000e-01 
 2.50000000e-01  6.05325836e-08  2.50000000e-01  1.30000000e+00  2.50000000e-01  2.50000000e-01 
 2.60000000e-01  6.05347252e-08  2.60000000e-01  1.30000000e+00  2.60000000e-01  2.60000000e-01 
 2.70000000e-01  6.05375299e-08  2.70000000e-01  1.30000000e+00  2.70000000e-01  2.70000000e-01 
 2.80000000e-01  6.05411992e-08  2.80000000e-01  1.30000000e+00  2.80000000e-01  2.80000000e-01 
 2.90000000e-01  6.05460064e-08  2.90000000e-01  1.30000000e+00  2.90000000e-01  2.90000000e-01 
 3.00000000e-01  6.05522962e-08  3.00000000e-01  1.30000000e+00  3.00000000e-01  3.00000000e-01 
 3.10000000e-01  6.05605194e-08  3.10000000e-01  1.30000000e+00  3.10000000e-01  3.10000000e-01 
 3.20000000e-01  6.05712659e-08  3.20000000e-01  1.30000000e+00  3.20000000e-01  3.20000000e-01 
 3.30000000e-01  6.05852957e-08  3.30000000e-01  1.30000000e+00  3.30000000e-01  3.30000000e-01 
 3.40000000e-01  6.06035868e-08  3.40000000e-01  1.30000000e+00  3.40000000e-01  3.40000000e-01 
 3.50000000e-01  6.06274026e-08  3.50000000e-01  1.30000000e+00  3.50000000e-01  3.50000000e-01 
 3.60000000e-01  6.06583518e-08  3.60000000e-01  1.30000000e+00  3.60000000e-01  3.60000000e-01 
 3.70000000e-01  6.06984772e-08  3.70000000e-01  1.30000000e+00  3.70000000e-01  3.70000000e-01 
 3.80000000e-01  6.07503423e-08  3.80000000e-01  1.30000000e+00  3.80000000e-01  3.80000000e-01 
 3.90000000e-01  6.08171372e-08  3.90000000e-01  1.30000000e+00  3.90000000e-01  3.90000000e-01 
 4.00000000e-01  6.09027560e-08  4.00000000e-01  1.30000000e+00  4.00000000e-01  4.00000000e-01 
 4.10000000e-01  6.10118573e-08  4.10000000e-01  1.30000000e+00  4.10000000e-01  4.10000000e-01 
 4.20000000e-01  6.11498834e-08  4.20000000e-01  1.30000000e+00  4.20000000e-01  4.20000000e-01 
 4.30000000e-01  6.13229236e-08  4.30000000e-01  1.30000000e+00  4.30000000e-01  4.30000000e-01 
 4.40000000e-01  6.15374679e-08  4.40000000e-01  1.30000000e+00  4.40000000e-01  4.40000000e-01 
 4.50000000e-01  6.17999029e-08  4.50000000e-01  1.30000000e+00  4.50000000e-01  4.50000000e-01 
 4.60000000e-01  6.21157752e-08  4.60000000e-01  1.30000000e+00  4.60000000e-01  4.60000000e-01 
 4.70000000e-01  6.24888322e-08  4.70000000e-01  1.30000000e+00  4.70000000e-01  4.70000000e-01 
 4.80000000e-01  6.29200009e-08  4.80000000e-01  1.30000000e+00  4.80000000e-01  4.80000000e-01 
 4.90000000e-01  6.34065772e-08  4.90000000e-01  1.30000000e+00  4.90000000e-01  4.90000000e-01 
 5.00000000e-01  6.39420026e-08  5.00000000e-01  1.30000000e+00  5.00000000e-01  5.00000000e-01 
 5.10000000e-01  6.45164561e-08  5.10000000e-01  1.30000000e+00  5.10000000e-01  5.10000000e-01 
 5.20000000e-01  6.51182204e-08  5.20000000e-01  1.30000000e+00  5.20000000e-01  5.20000000e-01 
 5.30000000e-01  6.57354239e-08  5.30000000e-01  1.30000000e+00  5.30000000e-01  5.30000000e-01 
 5.40000000e-01  6.63575974e-08  5.40000000e-01  1.30000000e+00  5.40000000e-01  5.40000000e-01 
 5.50000000e-01  6.69765798e-08  5.50000000e-01  1.30000000e+00  5.50000000e-01  5.50000000e-01 
 5.60000000e-01  6.75868074e-08  5.60000000e-01  1.30000000e+00  5.60000000e-01  5.60000000e-01 
 5.70000000e-01  6.81849974e-08  5.70000000e-01  1.30000000e+00  5.70000000e-01  5.70000000e-01 
 5.80000000e-01  6.87696625e-08  5.80000000e-01  1.30000000e+00  5.80000000e-01  5.80000000e-01 
 5.90000000e-01  6.93405597e-08  5.90000000e-01  1.30000000e+00  5.90000000e-01  5.90000000e-01 
 6.00000000e-01  6.98982235e-08  6.00000000e-01  1.30000000e+00  6.00000000e-01  6.00000000e-01 
 6.10000000e-01  7.04436234e-08  6.10000000e-01  1.30000000e+00  6.10000000e-01  6.10000000e-01 
 6.20000000e-01  7.09779491e-08  6.20000000e-01  1.30000000e+00  6.20000000e-01  6.20000000e-01 
 6.30000000e-01  7.15024393e-08  6.30000000e-01  1.30000000e+00  6.30000000e-01  6.30000000e-01 
 6.40000000e-01  7.20183128e-08  6.40000000e-01  1.30000000e+00  6.40000000e-01  6.40000000e-01 
 6.50000000e-01  7.25267292e-08  6.50000000e-01  1.30000000e+00  6.50000000e-01  6.50000000e-01 
 6.60000000e-01  7.30287551e-08  6.60000000e-01  1.30000000e+00  6.60000000e-01  6.60000000e-01 
 6.70000000e-01  7.35253556e-08  6.70000000e-01  1.30000000e+00  6.70000000e-01  6.70000000e-01 
 6.80000000e-01  7.40174093e-08  6.80000000e-01  1.30000000e+00  6.80000000e-01  6.80000000e-01 
 6.90000000e-01  7.45057070e-08  6.90000000e-01  1.30000000e+00  6.90000000e-01  6.90000000e-01 
 7.00000000e-01  7.49909608e-08  7.00000000e-01  1.30000000e+00  7.00000000e-01  7.00000000e-01 
 7.10000000e-01  7.54738199e-08  7.10000000e-01  1.30000000e+00  7.10000000e-01  7.10000000e-01 
 7.20000000e-01  7.59548600e-08  7.20000000e-01  1.30000000e+00  7.20000000e-01  7.20000000e-01 
 7.30000000e-01  7.64346075e-08  7.30000000e-01  1.30000000e+00  7.30000000e-01  7.30000000e-01 
 7.40000000e-01  7.69135404e-08  7.40000000e-01  1.30000000e+00  7.40000000e-01  7.40000000e-01 
 7.50000000e-01  7.73920935e-08  7.50000000e-01  1.30000000e+00  7.50000000e-01  7.50000000e-01 
 7.60000000e-01  7.78706727e-08  7.60000000e-01  1.30000000e+00  7.60000000e-01  7.60000000e-01 
 7.70000000e-01  7.83496397e-08  7.70000000e-01  1.30000000e+00  7.70000000e-01  7.70000000e-01 
 7.80000000e-01  7.88293390e-08  7.80000000e-01  1.30000000e+00  7.80000000e-01  7.80000000e-01 
 7.90000000e-01  7.93100861e-08  7.90000000e-01  1.30000000e+00  7.90000000e-01  7.90000000e-01 
 8.00000000e-01  7.97921794e-08  8.00000000e-01  1.30000000e+00  8.00000000e-01  8.00000000e-01 
 8.10000000e-01  8.02759020e-08  8.10000000e-01  1.30000000e+00  8.10000000e-01  8.10000000e-01 
 8.20000000e-01  8.07615083e-08  8.20000000e-01  1.30000000e+00  8.20000000e-01  8.20000000e-01 
 8.30000000e-01  8.12492490e-08  8.30000000e-01  1.30000000e+00  8.30000000e-01  8.30000000e-01 
 8.40000000e-01  8.17393654e-08  8.40000000e-01  1.30000000e+00  8.40000000e-01  8.40000000e-01 
 8.50000000e-01  8.22320748e-08  8.50000000e-01  1.30000000e+00  8.50000000e-01  8.50000000e-01 
 8.60000000e-01  8.27276022e-08  8.60000000e-01  1.30000000e+00  8.60000000e-01  8.60000000e-01 
 8.70000000e-01  8.32261556e-08  8.70000000e-01  1.30000000e+00  8.70000000e-01  8.70000000e-01 
 8.80000000e-01  8.37279381e-08  8.80000000e-01  1.30000000e+00  8.80000000e-01  8.80000000e-01 
 8.90000000e-01  8.42331409e-08  8.90000000e-01  1.30000000e+00  8.90000000e-01  8.90000000e-01 
 9.00000000e-01  8.47419622e-08  9.00000000e-01  1.30000000e+00  9.00000000e-01  9.00000000e-01 
 9.10000000e-01  8.52545868e-08  9.10000000e-01  1.30000000e+00  9.10000000e-01  9.10000000e-01 
 9.20000000e-01  8.57712062e-08  9.20000000e-01  1.30000000e+00  9.20000000e-01  9.20000000e-01 
 9.30000000e-01  8.62919991e-08  9.30000000e-01  1.30000000e+00  9.30000000e-01  9.30000000e-01 
 9.40000000e-01  8.68171404e-08  9.40000000e-01  1.30000000e+00  9.40000000e-01  9.40000000e-01 
 9.50000000e-01  8.73468231e-08  9.50000000e-01  1.30000000e+00  9.50000000e-01  9.50000000e-01 
 9.60000000e-01  8.78812199e-08  9.60000000e-01  1.30000000e+00  9.60000000e-01  9.60000000e-01 
 9.70000000e-01  8.84205077e-08  9.70000000e-01  1.30000000e+00  9.70000000e-01  9.70000000e-01 
 9.80000000e-01  8.89648786e-08  9.80000000e-01  1.30000000e+00  9.80000000e-01  9.80000000e-01 
 9.90000000e-01  8.95145089e-08  9.90000000e-01  1.30000000e+00  9.90000000e-01  9.90000000e-01 
 1.00000000e+00  9.00695798e-08  1.00000000e+00  1.30000000e+00  1.00000000e+00  1.00000000e+00 
 1.01000000e+00  9.06303016e-08  1.01000000e+00  1.30000000e+00  1.01000000e+00  1.01000000e+00 
 1.02000000e+00  9.11968565e-08  1.02000000e+00  1.30000000e+00  1.02000000e+00  1.02000000e+00 
 1.03000000e+00  9.17694396e-08  1.03000000e+00  1.30000000e+00  1.03000000e+00  1.03000000e+00 
 1.04000000e+00  9.23482772e-08  1.04000000e+00  1.30000000e+00  1.04000000e+00  1.04000000e+00 
 1.05000000e+00  9.29335812e-08  1.05000000e+00  1.30000000e+00  1.05000000e+00  1.05000000e+00 
 1.06000000e+00  9.35255904e-08  1.06000000e+00  1.30000000e+00  1.06000000e+00  1.06000000e+00 
 1.07000000e+00  9.41245620e-08  1.07000000e+00  1.30000000e+00  1.07000000e+00  1.07000000e+00 
 1.08000000e+00  9.47307519e-08  1.08000000e+00  1.30000000e+00  1.08000000e+00  1.08000000e+00 
 1.09000000e+00  9.53444752e-08  1.09000000e+00  1.30000000e+00  1.09000000e+00  1.09000000e+00 
 1.10000000e+00  9.59660545e-08  1.10000000e+00  1.30000000e+00  1.10000000e+00  1.10000000e+00 
 1.11000000e+00  9.65958824e-08  1.11000000e+00  1.30000000e+00  1.11000000e+00  1.11000000e+00 
 1.12000000e+00  9.72343984e-08  1.12000000e+00  1.30000000e+00  1.12000000e+00  1.12000000e+00 
 1.13000000e+00  9.78821013e-08  1.13000000e+00  1.30000000e+00  1.13000000e+00  1.13000000e+00 
 1.14000000e+00  9.85396405e-08  1.14000000e+00  1.30000000e+00  1.14000000e+00  1.14000000e+00 
 1.15000000e+00  9.92077787e-08  1.15000000e+00  1.30000000e+00  1.15000000e+00  1.15000000e+00 
 1.16000000e+00  9.98874923e-08  1.16000000e+00  1.30000000e+00  1.16000000e+00  1.16000000e+00 
 1.17000000e+00  1.00580062e-07  1.17000000e+00  1.30000000e+00  1.17000000e+00  1.17000000e+00 
 1.18000000e+00  1.01287189e-07  1.18000000e+00  1.30000000e+00  1.18000000e+00  1.18000000e+00 
 1.19000000e+00  1.02011280e-07  1.19000000e+00  1.30000000e+00  1.19000000e+00  1.19000000e+00 
 1.20000000e+00  1.02755805e-07  1.20000000e+00  1.30000000e+00  1.20000000e+00  1.20000000e+00 
 1.21000000e+00  1.03526222e-07  1.21000000e+00  1.30000000e+00  1.21000000e+00  1.21000000e+00 
 1.22000000e+00  1.04331840e-07  1.22000000e+00  1.30000000e+00  1.22000000e+00  1.22000000e+00 
 1.23000000e+00  1.05190922e-07  1.23000000e+00  1.30000000e+00  1.23000000e+00  1.23000000e+00 
 1.24000000e+00  1.06149140e-07  1.24000000e+00  1.30000000e+00  1.24000000e+00  1.24000000e+00 
 1.25000000e+00  1.07465433e-07  1.25000000e+00  1.30000000e+00  1.25000000e+00  1.25000000e+00 
 1.26000000e+00  1.12246173e-07  1.26000000e+00  1.30000000e+00  1.26000000e+00  1.26000000e+00 
 1.27000000e+00  2.77249459e-07  1.27000000e+00  1.30000000e+00  1.27000000e+00  1.27000000e+00 
 1.28000000e+00  2.08280957e-03  1.28000000e+00  1.30000000e+00  1.28000000e+00  1.28000000e+00 
 1.29000000e+00  1.28765307e-02  1.29000000e+00  1.30000000e+00  1.29000000e+00  1.29000000e+00 
 1.30000000e+00  4.63181320e-01  1.30000000e+00  1.30000000e+00  1.30000000e+00  1.30000000e+00 
 1.31000000e+00  1.74440576e+00  1.31000000e+00  1.30000000e+00  1.31000000e+00  1.31000000e+00 
 1.32000000e+00  1.76660139e+00  1.32000000e+00  1.30000000e+00  1.32000000e+00  1.32000000e+00 
 1.33000000e+00  1.77406453e+00  1.33000000e+00  1.30000000e+00  1.33000000e+00  1.33000000e+00 
 1.34000000e+00  1.77709414e+00  1.34000000e+00  1.30000000e+00  1.34000000e+00  1.34000000e+00 
 1.35000000e+00  1.77822487e+00  1.35000000e+00  1.30000000e+00  1.35000000e+00  1.35000000e+00 
 1.36000000e+00  1.77838368e+00  1.36000000e+00  1.30000000e+00  1.36000000e+00  1.36000000e+00 
 1.37000000e+00  1.77844662e+00  1.37000000e+00  1.30000000e+00  1.37000000e+00  1.37000000e+00 
 1.38000000e+00  1.77848661e+00  1.38000000e+00  1.30000000e+00  1.38000000e+00  1.38000000e+00 
 1.39000000e+00  1.77851248e+00  1.39000000e+00  1.30000000e+00  1.39000000e+00  1.39000000e+00 
 1.40000000e+00  1.77853117e+00  1.40000000e+00  1.30000000e+00  1.40000000e+00  1.40000000e+00 
 1.41000000e+00  1.77854515e+00  1.41000000e+00  1.30000000e+00  1.41000000e+00  1.41000000e+00 
 1.42000000e+00  1.77855577e+00  1.42000000e+00  1.30000000e+00  1.42000000e+00  1.42000000e+00 
 1.43000000e+00  1.77856397e+00  1.43000000e+00  1.30000000e+00  1.43000000e+00  1.43000000e+00 
 1.44000000e+00  1.77857040e+00  1.44000000e+00  1.30000000e+00  1.44000000e+00  1.44000000e+00 
 1.45000000e+00  1.77857550e+00  1.45000000e+00  1.30000000e+00  1.45000000e+00  1.45000000e+00 
 1.46000000e+00  1.77857959e+00  1.46000000e+00  1.30000000e+00  1.46000000e+00  1.46000000e+00 
 1.47000000e+00  1.77858289e+00  1.47000000e+00  1.30000000e+00  1.47000000e+00  1.47000000e+00 
 1.48000000e+00  1.77858560e+00  1.48000000e+00  1.30000000e+00  1.48000000e+00  1.48000000e+00 
 1.49000000e+00  1.77858782e+00  1.49000000e+00  1.30000000e+00  1.49000000e+00  1.49000000e+00 
 1.50000000e+00  1.77858967e+00  1.50000000e+00  1.30000000e+00  1.50000000e+00  1.50000000e+00 
 1.51000000e+00  1.77859122e+00  1.51000000e+00  1.30000000e+00  1.51000000e+00  1.51000000e+00 
 1.52000000e+00  1.77859253e+00  1.52000000e+00  1.30000000e+00  1.52000000e+00  1.52000000e+00 
 1.53000000e+00  1.77859363e+00  1.53000000e+00  1.30000000e+00  1.53000000e+00  1.53000000e+00 
 1.54000000e+00  1.77859458e+00  1.54000000e+00  1.30000000e+00  1.54000000e+00  1.54000000e+00 
 1.55000000e+00  1.77859540e+00  1.55000000e+00  1.30000000e+00  1.55000000e+00  1.55000000e+00 
 1.56000000e+00  1.77859611e+00  1.56000000e+00  1.30000000e+00  1.56000000e+00  1.56000000e+00 
 1.57000000e+00  1.77859673e+00  1.57000000e+00  1.30000000e+00  1.57000000e+00  1.57000000e+00 
 1.58000000e+00  1.77859726e+00  1.58000000e+00  1.30000000e+00  1.58000000e+00  1.58000000e+00 
 1.59000000e+00  1.77859774e+00  1.59000000e+00  1.30000000e+00  1.59000000e+00  1.59000000e+00 
 1.60000000e+00  1.77859816e+00  1.60000000e+00  1.30000000e+00  1.60000000e+00  1.60000000e+00 
 1.61000000e+00  1.77859854e+00  1.61000000e+00  1.30000000e+00  1.61000000e+00  1.61000000e+00 
 1.62000000e+00  1.77859888e+00  1.62000000e+00  1.30000000e+00  1.62000000e+00  1.62000000e+00 
 1.63000000e+00  1.77859918e+00  1.63000000e+00  1.30000000e+00  1.63000000e+00  1.63000000e+00 
 1.64000000e+00  1.77859946e+00  1.64000000e+00  1.30000000e+00  1.64000000e+00  1.64000000e+00 
 1.65000000e+00  1.77859971e+00  1.65000000e+00  1.30000000e+00  1.65000000e+00  1.65000000e+00 
 1.66000000e+00  1.77859993e+00  1.66000000e+00  1.30000000e+00  1.66000000e+00  1.66000000e+00 
 1.67000000e+00  1.77860014e+00  1.67000000e+00  1.30000000e+00  1.67000000e+00  1.67000000e+00 
 1.68000000e+00  1.77860033e+00  1.68000000e+00  1.30000000e+00  1.68000000e+00  1.68000000e+00 
 1.69000000e+00  1.77860050e+00  1.69000000e+00  1.30000000e+00  1.69000000e+00  1.69000000e+00 
 1.70000000e+00  1.77860066e+00  1.70000000e+00  1.30000000e+00  1.70000000e+00  1.70000000e+00 
 1.71000000e+00  1.77860081e+00  1.71000000e+00  1.30000000e+00  1.71000000e+00  1.71000000e+00 
 1.72000000e+00  1.77860095e+00  1.72000000e+00  1.30000000e+00  1.72000000e+00  1.72000000e+00 
 1.73000000e+00  1.77860108e+00  1.73000000e+00  1.30000000e+00  1.73000000e+00  1.73000000e+00 
 1.74000000e+00  1.77860120e+00  1.74000000e+00  1.30000000e+00  1.74000000e+00  1.74000000e+00 
 1.75000000e+00  1.77860131e+00  1.75000000e+00  1.30000000e+00  1.75000000e+00  1.75000000e+00 
 1.76000000e+00  1.77860142e+00  1.76000000e+00  1.30000000e+00  1.76000000e+00  1.76000000e+00 
 1.77000000e+00  1.77860152e+00  1.77000000e+00  1.30000000e+00  1.77000000e+00  1.77000000e+00 
 1.78000000e+00  1.77860161e+00  1.78000000e+00  1.30000000e+00  1.78000000e+00  1.78000000e+00 
 1.79000000e+00  1.77860169e+00  1.79000000e+00  1.30000000e+00  1.79000000e+00  1.79000000e+00 
 1.80000000e+00  1.77860178e+00  1.80000000e+00  1.30000000e+00  1.80000000e+00  1.80000000e+00 
